0 
1184 
1622 
832 
2262 
2728 
3048 
1484 
1152 
1790 
930 
1140 
2316 
1302 
1370 
1162 
1242 
1424 
894 
856 
984 
1218 
1102 
1656 
1934 
1262 
1662 
1198 
2736 
3252 
1480 
2274 
2180 
1776 
1324 
2034 
1618 
3098 
1650 
2014 
1294 
1556 
2438 
1248 
1658 
1082 
1858 
1342 
726 
1346 
2338 
1712 
1264 
774 
1260 
1314 
1142 
1248 
1330 
1452 
956 
1460 
1370 
884 
2612 
2264 
2118 
2414 
2942 
984 
3100 
2410 
2232 
940 
928 
1262 
1144 
2096 
1314 
1644 
1742 
1326 
2148 
2068 
2016 
2164 
1906 
2238 
1430 
2214 
3170 
1232 
2338 
766 
3746 
1946 
1206 
1710 
1784 
1722 
1706 
1364 
1182 
2552 
1934 
1256 
1210 
1544 
892 
1420 
1028 
2330 
1574 
1746 
1676 
2108 
2700 
3526 
3562 
3342 
3308 
2602 
1216 
1832 
1760 
2196 
1140 
2262 
1684 
2912 
2070 
2362 
1728 
938 
1048 
874 
1328 
1138 
1794 
1692 
950 
2808 
674 
2866 
1238 
1690 
1388 
2856 
834 
904 
1288 
2116 
988 
1080 
1658 
1084 
1406 
1458 
1772 
1052 
920 
1302 
688 
1776 
870 
1046 
1060 
1230 
1038 
1362 
1540 
1060 
2826 
2170 
1238 
1612 
1848 
1520 
1678 
1488 
1526 
2396 
2464 
2188 
2640 
2462 
2524 
1674 
1202 
1574 
2750 
2284 
1784 
2340 
2800 
1652 
2016 
1478 
2016 
1748 
2656 
2290 
2168 
1916 
2836 
3692 
3724 
3966 
2548 
4012 
3224 
3794 
2386 
3280 
3260 
3076 
4064 
3632 
3238 
2990 
3310 
4034 
2958 
3368 
2814 
3270 
3522 
3096 
3374 
3120 
3326 
3188 
3616 
2666 
3226 
3846 
3168 
2922 
3596 
2930 
2470 
3408 
774 
1152 
3032 
974 
1034 
1568 
2414 
1954 
2444 
2150 
1998 
2276 
2052 
2638 
3156 
1732 
1922 
2330 
3290 
2438 
2114 
2118 
2230 
1756 
2260 
2550 
3104 
2910 
2666 
3562 
3996 
3236 
2870 
2744 
3026 
3328 
2582 
2490 
2984 
3874 
3238 
3480 
4054 
2556 
3394 
2920 
2906 
3202 
4294 
2992 
4088 
3750 
3214 
3662 
2730 
2634 
2976 
4282 
2896 
2658 
3840 
2544 
2636 
4468 
5386 
3342 
2904 
3254 
3178 
2914 
2874 
2794 
2634 
2730 
2856 
2922 
2862 
3174 
2888 
3632 
2838 
4538 
2768 
2606 
2610 
2376 
2482 
4132 
3010 
3438 
3192 
1180 
2354 
1888 
1620 
2214 
1982 
1596 
2262 
2030 
1738 
1804 
1620 
2022 
726 
1686 
1282 
1462 
3074 
3300 
2928 
3220 
1986 
3080 
3020 
1124 
2754 
1830 
2032 
1114 
1346 
958 
1164 
3622 
1590 
1606 
1150 
1020 
1090 
1194 
1138 
1204 
1750 
2042 
2110 
926 
2296 
1002 
1650 
2106 
2320 
1910 
1318 
2604 
2604 
2326 
1650 
2328 
942 
2194 
878 
1540 
1980 
1724 
1482 
1400 
1116 
1154 
1670 
1046 
1422 
1392 
1340 
1986 
1526 
1154 
2478 
1512 
1188 
1480 
1704 
1038 
1388 
1792 
866 
1100 
1494 
1120 
1836 
2386 
1322 
1296 
1074 
3032 
1720 
1756 
1952 
1960 
1890 
1848 
1462 
1580 
1894 
1200 
1496 
1386 
1322 
1026 
1534 
2062 
1768 
1252 
1064 
1422 
1218 
914 
1242 
1088 
1134 
1270 
1072 
1224 
994 
1076 
1214 
1652 
1286 
1564 
1066 
1442 
1412 
1544 
1452 
1552 
2218 
1746 
3250 
1366 
1112 
1670 
1524 
1692 
2116 
982 
1046 
1692 
2162 
1800 
1956 
1160 
1188 
1372 
1772 
1108 
984 
1652 
1312 
2794 
1464 
1614 
1514 
990 
1334 
1802 
1768 
1342 
1158 
1636 
1132 
1164 
2308 
1998 
1198 
1446 
1662 
1342 
1006 
1518 
1646 
1354 
3264 
1436 
1608 
1264 
1760 
1100 
1150 
1504 
1540 
1258 
1238 
958 
1134 
1352 
902 
1386 
2888 
1354 
912 
1882 
2176 
1928 
1064 
1572 
1736 
1138 
878 
944 
1102 
1288 
1634 
1300 
1676 
1618 
1166 
1618 
1086 
1286 
1326 
1102 
1026 
1428 
1410 
1230 
1372 
1440 
1568 
1100 
1394 
1636 
1988 
1328 
950 
2392 
2214 
978 
1606 
1612 
1676 
1636 
4192 
3546 
2248 
3044 
4688 
2124 
3548 
3154 
2436 
998 
3418 
4332 
3374 
3168 
5906 
2250 
1570 
876 
966 
2582 
1472 
1308 
1690 
766 
3966 
1468 
