130
122
120
121
100
117
113
122
143
130
154
128
138
139
142
152
122
268
281
285
304
282
294
300
321
333
309
319
311
293
316
301
318
327
321
333
327
315
308
330
325
306
257
292
299
302
314
292
279
292
331
324
317
337
352
358
388
373
373
380
391
430
455
439
607
636
665
670
666
772
884
865
787
815
735
781
782
784
748
770
979
903
943
992
1008
995
1050
995
999
1030
1036
1084
1035
1316
1515
1573
1489
1504
1572
1558
1558
1706
1702
1915
2037
2065
2073
2223
2236
2093
2125
2033
2085
2083
2096
2216
2233
2544
2579
2473
2342
2394
2292
2446
2406
2556
2495
2469
2453
2658
2649
2599
2701
2789
2790
2907
2721
2766
2798
2799
2789
2786
3145
3103
2939
2698
2729
2683
2737
2645
2685
2677
2690
2547
2776
2660
2589
2666
2582
2477
2650
2607
2626
2741
2669
2626
2600
2628
2597
2634
2588
2690
2682
2774
2709
2755
2934
3033
2926
3013
2944
3021
2981
3023
3003
3027
2953
2998
2940
2935
3010
3037
3054
2988
3034
2964
2873
2989
2830
2942
3075
3214
2979
3139
3049
3029
3250
3226
3166
3175
3096
3122
3165
3145
3103
3010
2939
2987
2775
2914
2827
2905
2886
2929
2874
2877
2868
2837
2903
2988
2947
2799
2850
2800
2796
2694
2732
2723
2720
2551
2747
2636
2661
2660
2704
2637
2482
2540
2569
2589
2514
2399
2421
2380
2547
2519
2414
2367
2254
2425
2314
2344
2419
2329
2335
2325
2269
2208
2261
2229
2313
2239
2216
2249
2278
2413
2222
2298
2280
2319
2223
2307
2327
2208
2142
2169
2088
2085
2042
2088
2053
2053
2154
2046
2023
2063
1966
2010
1901
1954
2058
2055
2048
2093
2053
2081
2045
1999
2049
2134
2040
2114
2015
2004
2036
2005
2056
2026
2055
2033
2005
2009
2059
2075
2001
1904
1981
1955
1945
2013
1834
1857
2076
1935
1947
2020
1987
1955
2066
1876
2046
1953
1950
1953
2004
2042
1885
1961
1888
1955
2048
2015
1881
1991
1908
2000
2055
1938
2089
1915
1960
1903
1975
2057
1961
2014
1975
2024
2052
2000
2010
2009
2012
1956
2047
1959
1988
2011
1985
2022
1890
1907
2028
1910
1931
1935
1857
1967
1955
1910
1916
2011
1938
1926
1919
1898
1896
1956
1878
1885
1956
1866
1995
2023
1902
2016
2086
2173
2154
2098
2073
2013
2174
2108
2082
2149
2121
2149
2056
2060
1952
2275
2340
2360
2219
2236
2173
2333
2385
2328
2404
2406
2260
2267
2225
2245
2237
2203
2302
2246
2187
2211
2181
2236
2129
2042
2123
2084
1977
2091
2030
1997
1843
1786
1819
1764
1601
1674
1714
1683
1605
1631
1692
1566
1608
1549
1534
1510
1485
1487
1463
1430
1466
1444
1418
1369
1372
1446
1368
1410
1384
1410
1327
1409
1325
1375
1432
1471
1417
1322
1258
1256
1179
1199
1107
1032
1052
1098
1028
990
1018
992
997
927
942
994
952
974
949
939
961
909
961
967
985
992
1058
979
957
822
837
781
773
764
731
677
686
671
621
628
602
574
547
492
459
457
424
415
408
392
373
326
315
313
275
242
211
207
201
171
187
158
175
126
146
114
113
127
107
88
82
104
73
64
58
67
51
53
28
45
30
54
46
40
34
25
26
29
24
28
31
22
21
24
14
24
22
20
21
23
24
14
19
28
26
20
26
29
16
17
23
22
29
24
17
19
20
29
16
23
25
18
26
20
22
19
28
30
25
26
24
29
26
23
25
13
19
16
22
21
20
20
14
27
16
26
16
18
23
19
24
20
21
21
19
20
17
26
21
16
16
31
25
20
18
26
19
21
22
20
23
13
24
25
27
27
30
30
32
29
26
16
24
19
24
22
20
34
20
25
17
30
28
24
22
22
26
22
21
22
23
18
24
17
19
28
32
35
23
24
30
29
27
28
26
12
25
20
25
22
23
28
24
27
20
33
29
20
26
18
29
17
24
24
30
29
26
19
34
21
23
27
10
23
24
24
28
23
23
16
16
17
27
23
27
26
19
22
13
22
27
32
17
23
31
24
27
20
18
27
25
20
20
15
27
31
25
27
19
25
26
23
20
24
26
23
22
19
24
24
18
27
16
25
19
17
21
25
29
30
18
19
26
28
19
20
12
22
24
19
32
24
29
22
20
30
19
16
23
11
21
19
22
17
30
35
24
26
45
26
17
18
25
29
15
23
15
25
16
22
23
24
20
22
22
19
11
13
22
17
17
17
24
15
22
19
16
17
17
21
17
14
16
25
18
16
20
19
20
14
15
17
11
28
22
14
12
17
22
22
20
21
22
19
11
23
20
23
19
13
20
23
16
24
20
18
14
13
23
20
21
17
20
15
17
18
17
12
11
14
17
12
18
19
10
16
19
18
16
24
15
26
18
19
14
20
12
17
19
13
17
12
13
14
17
15
16
16
19
23
25
11
19
14
19
7
18
14
12
20
12
17
21
18
21
14
16
15
15
24
18
27
18
11
19
22
18
20
18
9
18
15
18
15
18
16
16
16
14
13
15
21
10
20
14
12
12
24
15
12
13
17
15
15
16
9
20
14
12
15
16
21
17
18
18
21
18
18
13
11
13
14
9
24
18
14
23
18
18
20
16
21
24
18
22
20
16
16
11
20
24
30
45
45
