59
60
119
113
126
130
117
151
161
188
167
137
163
163
175
173
169
166
167
166
168
160
157
173
163
168
159
147
188
175
183
188
176
174
188
180
160
191
188
191
187
199
173
205
216
211
195
195
217
200
211
215
203
215
205
350
351
354
368
359
374
370
404
408
333
385
389
436
387
371
413
415
404
437
406
427
407
422
387
404
431
405
395
409
445
533
622
577
615
559
597
645
606
591
599
583
615
644
618
627
653
602
605
573
652
635
644
660
651
610
599
628
629
602
631
638
679
665
633
650
638
675
623
694
691
679
660
680
623
688
672
731
735
717
722
723
709
749
671
681
738
722
720
730
738
680
664
709
714
750
738
734
703
732
686
703
757
753
719
664
719
698
703
685
704
661
652
703
706
695
694
665
761
709
703
696
667
683
717
715
691
691
690
701
657
672
699
606
740
694
689
703
686
629
651
677
710
679
640
677
712
705
670
705
679
651
690
671
661
672
724
647
703
724
660
677
713
686
697
746
679
760
717
707
700
719
768
746
684
761
729
697
693
740
736
725
773
739
738
696
763
771
777
782
747
763
800
838
720
805
811
859
809
792
843
846
830
896
904
823
827
873
848
836
817
876
853
891
837
875
870
839
949
916
902
877
900
874
935
880
964
937
972
984
927
987
1013
1045
1106
1163
1184
1132
1155
1375
1327
1354
1286
1344
1251
1330
1411
1345
1386
1507
1595
1670
1742
1705
1615
1693
1747
1721
1793
1835
1731
1662
1811
1793
1745
1780
1767
1908
1962
1946
1996
2098
1927
2001
2059
1979
2103
2027
2064
2062
2073
2055
2089
2217
2333
2314
2340
2289
2399
2280
2338
2434
2582
2461
2411
2473
2435
2262
2277
2273
2343
2212
2314
2297
2201
2207
2197
2215
2129
2186
2186
2220
2143
2076
2206
2123
2160
2125
2169
2280
2193
2194
2146
2157
2235
2315
2277
2332
2290
2249
2208
2154
2263
2323
2152
2123
2197
2191
2135
2131
2247
2248
2138
2178
2256
2158
2134
2250
2209
2233
2219
2254
2253
2291
2181
2185
2166
2262
2250
2204
2102
2102
2221
2171
2224
2282
2160
2190
2243
2259
2171
2129
2184
2124
2188
2087
2189
2153
2163
2200
2075
2150
2206
2109
2103
2064
2178
2147
2175
2230
2134
2083
2102
2114
2095
2132
2093
2111
2083
2069
2016
2051
2119
2043
2063
2135
2008
2071
2055
2055
1982
2057
1978
1977
1867
1850
1869
1820
1828
1757
1732
1692
1678
1723
1616
1653
1694
1639
1670
1699
1689
1603
1667
1642
1622
1651
1659
1579
1613
1654
1636
1603
1630
1613
1536
1544
1506
1502
1546
1495
1540
1425
1463
1438
1491
1443
1440
1462
1457
1472
1362
1441
1424
1449
1358
1442
1386
1361
1333
1413
1353
1347
1358
1389
1352
1357
1358
1332
1364
1344
1361
1359
1311
1292
1296
1285
1281
1312
1288
1309
1339
1178
1194
1256
1234
1313
1249
1186
1238
1226
1164
1260
1238
1147
1169
1223
1191
1230
1132
1210
1158
1142
1158
1099
1149
1160
1184
1209
1069
1122
1109
1201
1210
1149
1112
1139
1088
1132
1107
1114
1183
1123
1172
1145
1098
1173
1106
1175
1159
1114
1166
1156
1109
1099
1117
1098
1138
1146
1155
1182
1084
1075
1110
1140
1040
1047
1118
1046
1070
1071
1084
1111
1140
1078
1119
1202
1149
1071
1082
1101
1133
1056
1105
1094
1030
1102
1047
1049
1067
1086
1057
1099
1101
1107
1084
1050
1116
1091
1082
1020
1077
1054
1056
1038
1094
1167
1112
1154
1147
1056
1128
1105
1158
1090
1142
1084
1134
1135
1243
1180
1204
1194
1213
1300
1278
1263
1337
1281
1324
1275
1309
1284
1297
1295
1298
1348
1349
1330
1325
1308
1293
1358
1287
1347
1329
1223
1290
1273
1235
1291
1344
1333
1268
1270
1246
1369
1372
1324
1265
1257
1278
1313
1288
1292
1362
1283
1283
1276
1268
1264
1271
1252
1324
1288
1267
1234
1260
1246
1240
1244
1242
1176
1156
1143
1120
1088
1200
1124
1103
1087
1099
1095
1077
971
1057
1067
1071
1055
1002
1004
981
949
946
928
953
984
947
973
952
953
932
945
937
963
910
921
946
936
952
899
852
950
842
942
900
895
852
888
914
878
907
850
862
902
861
851
854
811
805
838
815
850
792
815
712
708
735
764
723
720
717
692
709
682
751
730
708
768
770
717
806
738
740
759
716
685
682
654
682
672
650
709
704
710
716
754
691
751
786
735
689
694
697
708
672
676
681
657
647
656
586
606
593
576
580
585
519
576
506
484
472
469
466
455
450
452
425
419
415
393
379
391
385
378
358
356
335
350
321
330
324
338
290
266
314
268
261
283
273
277
235
224
234
252
246
200
234
205
209
212
204
209
203
200
196
177
183
183
155
183
192
188
197
185
165
173
170
160
162
167
159
171
152
171
146
149
128
156
161
149
139
148
155
157
147
153
155
152
158
150
157
158
161
138
181
139
146
154
138
150
145
140
137
120
130
127
133
123
124
143
128
132
133
128
123
129
143
128
98
117
136
88
83
100
101
96
87
56
72
75
80
69
80
71
68
46
69
86
62
62
56
55
49
69
46
56
51
52
40
68
41
36
37
57
36
35
30
44
28
29
42
35
29
26
25
29
29
30
18
25
32
15
22
24
22
19
7
10
13
8
11
5
11
8
4
8
5
2
3
3
