70
85
57
151
139
139
147
125
130
137
116
142
143
114
146
154
140
142
168
156
165
200
211
195
206
226
231
223
233
231
248
217
224
223
216
260
250
234
248
268
279
284
290
289
256
283
288
293
290
267
293
304
298
319
300
261
304
322
275
332
327
331
304
335
318
339
328
297
328
305
403
348
360
378
332
323
342
340
325
366
322
348
400
368
349
367
360
400
366
374
363
362
411
367
383
350
371
431
383
417
421
394
415
362
426
417
423
422
422
456
434
432
455
441
476
462
437
473
510
462
473
439
504
497
454
466
453
503
509
498
484
485
499
475
521
513
503
494
528
515
489
534
500
547
524
519
547
586
535
539
549
534
600
586
569
585
590
645
620
632
675
675
710
663
674
637
724
713
734
709
799
755
821
942
1020
986
1075
997
1032
1007
1025
1021
1063
1060
1048
1193
1198
1135
1060
1129
1101
1023
975
980
1025
967
991
931
912
946
873
754
821
827
758
691
735
760
738
671
690
715
700
639
613
642
658
653
695
688
703
708
702
686
718
752
718
723
779
708
762
750
719
814
794
824
767
813
785
806
845
893
813
789
794
795
833
959
1081
1095
1140
1089
1090
1126
1073
1154
1072
1099
1092
1105
1054
1139
1071
1112
1096
1082
1103
1133
1145
1079
1142
1078
1117
1112
1129
1097
1125
1152
1062
1152
1048
1061
1096
1085
1124
1056
1114
1033
1016
1007
1106
1071
1123
1167
1070
1073
1052
992
1018
1036
979
1033
1018
1052
1005
1010
1029
1026
1054
1002
1059
1009
1052
1055
1017
1049
1039
1034
1004
1060
1049
1015
1073
1056
1044
1066
1097
1013
1052
1062
1082
1044
1010
1046
1029
1067
1100
1081
1050
1130
1118
1117
1091
1037
1100
1116
1079
1021
1116
1051
1050
1076
1028
1079
1079
1817
1907
1796
1810
1837
1832
1847
1830
1810
1723
1715
1591
1552
1658
1528
1612
1522
1548
1551
1536
1522
1519
1511
1625
1702
1740
1761
1603
1715
1727
1711
1887
1887
1805
1901
1847
1882
1888
1939
1889
1959
1945
1925
1921
1986
1927
1930
1956
1875
1767
1750
1784
1698
1677
1715
1667
1678
1602
1558
1573
1572
1569
1432
1431
1439
1565
1526
1522
1514
1481
1534
1477
1438
1472
1460
1471
1474
1515
1485
1428
1483
1445
1457
1483
1480
1484
1474
1456
1523
1498
1398
1533
1463
1548
1479
1440
1509
1492
1494
1539
1492
1512
1464
1465
1505
1534
1529
1562
1523
1500
1558
1551
1552
1589
1500
1552
1553
1548
1535
1547
1617
1597
1680
1642
1689
1656
1635
1714
1691
1760
1675
1767
1667
1721
1718
1697
1773
1754
1726
1699
1593
1540
1621
1519
1505
1468
1480
1471
1437
1471
1404
1395
1424
1410
1394
1492
1389
1428
1402
1439
1487
1503
1424
1487
1405
1444
1436
1507
1407
1445
1340
1407
1510
1471
1378
1493
1383
1466
1460
1472
1419
1419
1423
1373
1366
1330
1369
1318
1301
1304
1281
1255
1341
1314
1234
1249
1259
1213
1255
1276
1286
1218
1224
1268
1236
1192
1279
1214
1202
1207
1260
1215
1214
1245
1175
1154
1202
1164
1210
1236
1224
1221
1123
1119
1189
1157
1187
1173
1149
1120
1182
1157
1154
1178
1144
1121
1170
1116
1103
1099
1075
1134
1092
1140
1148
1087
1124
1144
1099
1115
1127
1061
1126
1093
1122
1096
1039
1078
1029
1037
1079
1023
1104
1082
1078
1061
1045
1058
1053
1093
1090
1100
1055
1126
1057
1056
1077
944
1100
1093
1048
1027
1047
1025
1035
1010
1048
1054
1032
1026
1092
1027
1050
1055
986
1072
1046
1048
1097
1087
1037
1075
1076
1080
1043
1091
997
1087
1015
966
986
1013
974
937
1077
1025
1072
1060
1042
1014
1076
1036
1081
1095
1115
1119
1080
1089
1153
1069
1071
1104
1158
1163
1141
1091
1079
1144
1160
1146
1161
1096
1094
1090
1188
1074
1108
1150
1184
1122
1099
1160
1129
1163
1147
1202
1159
1159
1170
1168
1122
1166
1101
1148
1129
1167
1130
1126
1175
1096
1217
1186
1134
1107
1149
1141
1148
1168
1149
1188
1153
1151
1143
1167
1122
1125
1121
1102
1185
1208
1177
1195
1144
1150
1164
1208
1152
1169
1209
1118
1171
1212
1180
1165
1200
1130
1190
1158
1166
1160
1228
1209
1254
1183
1571
1909
1840
1801
1826
1841
1731
1667
1711
1651
1588
1511
1586
1565
1451
1462
1536
1518
1414
1465
1562
1430
1473
1448
1487
1460
1480
1452
1365
1317
1236
1269
1240
1279
1190
1221
1166
1215
1228
1173
1232
1225
1224
1148
1199
1252
1197
1233
1226
1217
1180
1230
1237
1221
1187
1175
1140
1200
1255
1153
1170
1124
1072
1050
964
1000
972
979
956
974
955
897
911
965
952
880
885
833
869
911
821
849
870
883
826
816
893
869
833
829
826
844
859
890
834
843
813
786
872
848
807
788
820
875
813
879
859
774
842
859
811
813
842
779
853
789
812
834
781
809
842
819
824
806
858
814
798
819
776
787
821
820
807
783
802
802
786
757
752
789
810
771
755
773
725
747
726
706
749
733
710
707
756
763
818
762
759
795
757
739
748
722
751
750
717
687
680
700
619
617
591
630
600
554
577
546
557
528
590
533
521
484
505
512
521
492
526
561
473
568
506
527
518
514
482
488
454
472
467
440
479
451
408
440
430
467
427
440
387
399
426
421
370
407
366
363
400
388
319
346
340
311
299
237
198
165
156
133
147
124
147
139
114
121
84
81
63
35
40
36
43
39
32
27
24
31
26
20
14
16
12
6
9
4
1
