21
21
18
33
21
40
31
28
32
21
34
30
33
36
33
29
29
30
32
40
33
34
62
71
79
62
74
65
62
75
80
84
81
94
75
82
87
88
91
85
79
86
87
100
92
91
85
88
100
93
94
91
96
72
96
81
95
92
89
91
100
121
96
101
106
109
104
116
114
107
91
122
126
102
108
122
98
164
183
192
158
177
184
171
167
195
183
169
209
173
177
219
203
202
189
187
190
186
217
210
198
186
201
203
221
207
220
214
227
233
210
333
286
317
313
316
304
311
329
304
304
335
308
303
318
340
340
335
326
341
352
359
411
432
526
527
559
522
531
515
531
536
543
548
521
555
525
574
586
602
576
590
623
621
628
597
654
647
676
641
662
656
665
659
708
695
707
704
712
716
760
762
757
753
792
824
823
750
737
835
784
790
761
846
790
790
882
864
817
815
826
804
791
768
850
792
809
812
841
849
793
802
801
775
793
768
799
844
856
826
767
819
822
797
819
836
807
864
865
882
910
925
987
994
979
1021
1007
1073
1100
1109
1132
1143
1259
1276
1272
1257
1240
1325
1342
1328
1310
1345
1479
1417
1400
1394
1478
1548
1509
1556
1512
1577
1630
1580
1577
1618
1603
1681
1703
1712
1760
1814
1717
1799
1741
1746
1746
1767
1786
1788
1776
1729
1813
1767
1903
1898
1800
1863
1903
1924
1995
1988
2072
2033
2068
2090
2078
2094
2089
2127
2209
2234
2314
2416
2488
2538
2587
2676
2763
2822
2775
2851
2819
2930
3011
2973
2882
2921
2894
2985
3069
3018
3037
3125
3196
3177
3219
3185
3126
3212
3141
3342
3281
3309
3278
3235
3221
3235
3353
3289
3311
3290
3450
3587
3670
3576
3638
3470
3561
3514
3500
3473
3494
3484
3328
3441
3390
3371
3447
3328
3429
3335
3407
3471
3451
3237
3256
3201
3255
3144
3208
3119
3115
3123
2893
3054
2962
2808
2956
2929
3013
2951
2971
2949
2902
2915
2971
2811
2657
2759
2710
2661
2647
2582
2626
2562
2639
2618
2558
2463
2499
2509
2347
2410
2413
2373
2397
2378
2290
2190
2293
2187
2198
2061
2038
2072
2007
2129
2064
1989
1990
2066
2058
2007
2023
2053
2025
1989
1988
2082
2044
2077
2026
2051
2009
1961
1955
1943
1993
1938
2027
2013
1958
1958
1915
1979
1944
1896
2094
1976
1955
1978
1944
2014
2066
2001
2058
1975
1969
2047
2020
1921
1986
1952
1991
1949
1968
1949
1977
2013
1944
2014
1909
1921
1938
1972
1973
1883
1932
1961
2043
2093
2056
2169
2078
2050
2121
2121
2053
2001
2028
2056
2059
2052
2028
2004
1996
2013
1994
2103
2105
2023
2018
2013
2001
1978
1905
2015
1928
1949
1903
1880
1989
1988
1934
1904
1884
1938
2007
1902
2034
1907
1948
1922
1929
1893
1956
2010
1878
1888
1875
1921
1931
1980
1982
1876
1921
1890
1899
1827
1822
1812
1898
1864
1965
1834
1926
1869
1882
1770
1858
1869
1842
1793
1799
1764
1775
1754
1774
1769
1700
1691
1739
1685
1644
1667
1769
1641
1654
1693
1692
1649
1659
1692
1630
1617
1617
1583
1542
1593
1614
1597
1703
1633
1634
1593
1635
1600
1653
1586
1446
1599
1553
1531
1521
1553
1592
1546
1590
1520
1444
1459
1436
1540
1462
1449
1403
1472
1376
1370
1422
1356
1384
1344
1355
1331
1305
1315
1345
1319
1275
1348
1305
1303
1344
1313
1212
1185
1227
1195
1199
1170
1154
1166
1122
1149
1066
1037
1029
1025
995
1017
985
998
930
1006
922
992
945
958
919
936
945
874
909
888
878
829
906
908
832
778
782
823
779
723
742
713
722
690
702
620
677
679
697
620
652
574
623
567
609
609
580
601
568
514
444
460
472
501
469
379
393
377
383
341
378
354
317
289
239
209
247
215
196
189
175
156
134
144
131
135
122
100
78
119
89
109
108
104
88
104
81
111
87
87
89
87
74
87
67
73
73
79
67
53
57
51
46
54
54
46
57
55
40
44
45
53
43
39
44
36
43
39
44
44
37
44
64
40
30
38
44
32
44
33
44
46
46
44
51
34
46
25
38
40
42
38
33
42
35
41
42
36
38
26
37
34
33
53
46
41
48
38
33
42
44
42
48
38
32
37
38
41
45
33
31
26
39
36
35
33
37
37
43
35
33
32
30
52
38
39
36
38
36
46
31
41
38
34
40
42
32
31
46
42
40
39
39
43
40
37
42
35
50
33
31
26
38
42
37
31
34
29
34
34
38
33
43
33
37
40
35
37
41
34
40
33
39
44
35
34
41
32
36
42
51
35
33
29
41
39
36
54
26
44
36
37
43
44
34
34
35
35
31
37
42
35
47
33
34
41
45
34
46
35
33
29
41
31
31
34
27
50
33
35
31
40
42
34
47
47
40
35
33
41
33
37
31
27
52
35
25
44
28
25
26
32
42
22
21
17
15
6
7
7
9
13
11
17
15
8
22
14
20
15
18
11
14
13
16
8
21
20
37
29
29
22
27
22
31
18
34
31
23
35
30
39
23
13
20
28
15
23
12
19
15
17
19
13
15
16
19
15
18
21
19
19
19
14
13
16
21
18
12
16
16
21
18
17
19
16
27
17
11
22
19
22
19
21
21
29
25
26
17
25
7
11
15
9
16
8
16
8
