20
22
19
26
31
44
53
53
59
51
54
73
64
49
57
74
68
85
87
79
73
78
83
69
69
89
81
77
73
79
74
76
94
105
75
103
96
104
136
144
167
152
164
159
226
230
209
229
232
268
227
232
235
233
223
262
282
247
258
279
286
299
307
278
277
296
280
283
312
270
309
324
280
321
312
303
325
302
326
341
336
329
331
309
303
356
345
326
366
363
351
361
349
393
375
388
373
364
420
520
471
479
490
488
519
519
548
526
555
519
572
577
555
585
610
571
581
587
595
596
618
615
591
592
634
672
602
648
654
658
657
687
663
672
690
722
694
724
735
725
738
790
921
1007
1071
1053
987
1008
1051
1015
1059
1016
1030
1079
982
1310
1351
1333
1345
1289
1369
1367
1384
1373
1365
1506
1588
1643
1592
1665
1663
1782
1675
1690
1705
1748
1714
1697
1832
1819
1909
1918
1859
1872
1809
1872
1770
1839
1798
1757
1829
1814
1840
1887
1928
1892
1825
1902
1897
1931
1961
1921
1930
2051
2105
1995
2056
2177
2044
2072
2205
2206
2196
2208
2279
2292
2339
2399
2398
2391
2388
2415
2350
2406
2388
2382
2364
2535
2432
2517
2403
2412
2649
2657
2621
2580
2745
2789
2790
2805
2823
2817
2870
2959
2880
2926
2929
2908
2933
2865
2947
3035
2918
3046
3028
3096
3059
3190
3358
3119
3048
3155
3203
3191
3172
3180
3246
3246
3116
3186
3234
3271
3205
3183
3123
3391
3241
3289
3190
3222
3150
3098
3126
2994
2947
3075
3027
3042
3155
3038
3013
2977
2896
2933
2912
2832
2855
2903
2836
2770
2754
2777
2634
2671
2637
2670
2631
2583
2648
2583
2554
2518
2536
2590
2395
2416
2416
2372
2507
2405
2461
2431
2347
2380
2386
2360
2436
2351
2265
2264
2245
2303
2230
2289
2367
2302
2297
2315
2238
2196
2115
2154
2150
2254
2159
2252
2235
2177
2072
2166
2117
2091
2154
2163
2067
2087
2067
2093
2019
2122
2088
1916
1994
1939
2004
1967
1960
1994
2009
1975
2039
1888
1974
1967
2014
1914
1946
1994
1919
1872
1919
1942
1924
1974
1913
1843
1901
1894
1842
1862
1844
1888
1812
1797
1813
1732
1777
1768
1710
1771
1723
1740
1661
1659
1631
1751
1702
1575
1578
1674
1562
1530
1564
1601
1563
1542
1594
1578
1598
1502
1479
1553
1592
1557
1488
1563
1469
1428
1483
1553
1518
1534
1483
1451
1451
1410
1407
1372
1447
1379
1399
1386
1392
1428
1368
1355
1416
1430
1383
1358
1432
1463
1436
1437
1386
1331
1404
1448
1372
1485
1439
1448
1477
1448
1480
1466
1434
1481
1487
1470
1415
1518
1460
1494
1499
1494
1502
1497
1557
1478
1453
1437
1486
1528
1562
1487
1530
1455
1432
1470
1482
1511
1506
1463
1418
1555
1536
1548
1440
1424
1393
1513
1497
1480
1492
1579
1638
1649
1740
1630
1626
1525
1518
1588
1433
1433
1643
1623
1604
1639
1653
1760
1604
1658
1636
1620
1659
1624
1538
1469
1502
1469
1543
1587
1493
1535
1512
1478
1466
1495
1405
1381
1430
1417
1495
1457
1433
1421
1399
1444
1336
1354
1344
1368
1330
1319
1322
1233
1290
1295
1277
1193
1212
1220
1209
1138
1201
1123
1156
1143
1133
1085
1036
1137
1139
1094
1095
1052
1112
1097
1033
1035
1038
1060
1068
1075
1070
1083
1078
1052
1026
1027
1054
1068
1167
1099
1026
1067
994
991
999
964
928
978
917
922
901
894
863
869
826
882
924
837
871
824
847
840
858
861
804
812
795
830
838
784
839
798
802
833
828
806
790
806
782
902
866
866
836
885
846
878
884
859
780
782
787
825
795
768
792
808
739
811
782
756
783
765
757
756
794
703
686
642
620
684
583
639
549
542
526
476
484
429
474
405
412
342
368
355
353
349
322
299
310
313
267
228
263
243
254
272
229
239
200
197
217
204
183
222
207
195
181
148
194
180
163
148
153
150
143
165
123
133
112
144
121
110
112
121
115
95
92
77
73
60
30
49
42
45
45
40
42
35
41
23
27
40
25
36
37
47
36
46
33
31
37
35
38
44
39
37
42
41
36
27
36
43
32
34
31
35
43
44
36
33
45
40
41
39
51
32
36
36
33
27
44
31
36
41
41
33
42
30
42
46
39
42
40
37
37
44
44
33
34
29
42
48
36
42
38
52
27
35
44
36
39
39
29
34
28
32
30
23
40
34
32
35
41
39
51
33
49
32
28
39
60
57
69
66
60
52
60
44
34
20
42
61
72
62
69
58
64
61
42
40
39
35
31
48
38
44
27
43
45
34
43
37
30
34
46
27
32
27
39
45
31
41
47
44
32
43
32
45
37
40
32
38
35
40
32
44
33
38
38
29
57
43
44
39
42
40
45
26
33
48
48
44
37
41
31
34
45
43
34
39
35
31
32
40
41
25
41
42
44
43
38
42
50
25
43
31
40
33
30
39
38
33
39
34
29
32
34
33
21
38
39
42
37
27
42
51
38
43
43
40
28
34
35
38
39
34
39
44
39
46
27
50
41
33
34
45
39
41
34
73
59
75
54
52
21
19
25
23
15
20
19
22
22
17
17
27
19
19
17
26
21
24
22
26
20
23
28
25
27
20
20
21
24
11
20
15
25
21
17
17
15
18
29
20
23
17
23
27
24
22
22
23
64
72
71
63
51
26
