68
76
104
103
107
81
182
158
168
186
180
184
200
179
213
217
187
209
203
239
211
209
192
223
215
248
242
209
206
203
212
187
206
227
218
228
210
221
231
243
224
187
239
268
322
316
303
314
296
307
270
303
300
327
317
282
300
316
315
314
340
313
405
553
625
703
717
683
771
709
661
722
724
716
703
693
667
677
788
742
758
743
748
766
725
786
739
741
722
749
756
730
773
779
719
726
754
726
720
761
761
736
726
702
747
711
732
703
759
698
692
736
748
727
689
666
709
675
759
709
724
654
665
714
681
639
631
665
710
672
701
704
669
688
751
706
707
756
734
730
752
736
778
771
722
775
781
761
775
721
731
736
754
765
738
757
793
764
805
869
823
837
845
874
850
854
843
901
834
835
897
889
887
859
907
928
907
911
871
882
893
893
886
879
898
898
941
882
971
905
926
929
1020
979
960
935
916
961
960
976
971
932
1002
894
924
964
901
942
1005
987
916
974
984
974
978
1001
914
1029
939
932
978
1015
957
975
954
957
948
889
994
894
931
987
971
974
1016
1067
965
1024
1027
1113
1036
1039
1131
1052
1053
1087
1077
1103
1070
1145
1077
1095
1096
1088
1019
1127
1145
1135
1156
1174
1179
1164
1138
1184
1165
1149
1202
1125
1199
1172
1401
1860
1928
1832
1871
1917
1936
1904
1907
1844
1903
1872
1903
1969
1987
1926
1962
2019
2007
2029
2050
2026
2036
2075
2129
2122
2101
2259
2572
2605
2755
2731
2645
2763
2707
2678
2737
2707
2761
2796
2768
2798
2955
3146
3186
3091
3063
2999
3057
3116
3012
3192
3174
3071
2998
3003
2994
3096
3021
2832
2950
2959
2953
2879
2814
2892
2805
2919
2844
2816
2850
2740
2816
2857
2702
2771
2834
2786
2798
2711
2782
2754
2560
2638
2570
2599
2421
2510
2451
2446
2459
2458
2370
2296
2326
2204
2327
2200
2199
2218
2169
2230
2165
2164
2180
2136
2100
2104
2043
2113
2116
2063
2011
2061
2122
2014
2065
1921
1947
1939
1945
1968
1992
1912
2038
1857
1809
1903
1936
1851
1840
1877
1907
1875
1903
1937
1896
1884
1910
1980
1902
1966
1974
1894
1928
1883
1953
1917
1912
1849
1825
1874
1881
1916
1851
1890
1898
1888
1836
1887
1879
1826
1821
1776
1801
1703
1680
1778
1731
1716
1697
1747
1657
1743
1694
1665
1639
1694
1699
1603
1687
1672
1606
1599
1599
1665
1648
1675
1641
1706
1655
1616
1585
1625
1602
1595
1546
1531
1539
1494
1496
1515
1498
1524
1497
1437
1452
1496
1485
1528
1443
1368
1459
1349
1401
1388
1396
1373
1419
1271
1367
1366
1395
1411
1349
1332
1366
1362
1323
1327
1280
1347
1310
1191
1277
1231
1275
1233
1217
1222
1251
1233
1210
1268
1261
1253
1258
1159
1297
1256
1375
1329
1339
1275
1346
1304
1327
1268
1367
1274
1306
1243
1227
1333
1267
1263
1266
1257
1194
1216
1228
1226
1290
1197
1269
1177
1234
1266
1240
1225
1205
1292
1254
1286
1190
1273
1286
1316
1325
1404
1308
1351
1392
1359
1351
1410
1338
1393
1365
1371
1347
1384
1330
1360
1347
1206
1286
1257
1264
1226
1255
1198
1282
1218
1218
1201
1193
1144
1142
1231
1237
1100
1114
1142
1098
1063
1024
1089
1001
1002
1070
1039
1044
1053
1054
1010
962
1051
997
1015
1036
997
1005
975
1009
942
997
948
911
934
941
854
914
887
873
894
877
909
925
878
842
869
889
846
793
855
841
841
877
761
829
818
836
858
795
855
850
774
785
832
779
817
752
746
782
736
707
674
730
721
711
717
730
670
697
715
682
709
676
697
712
712
715
714
693
710
726
711
727
750
749
735
709
756
714
730
713
787
770
702
728
715
704
715
755
713
742
734
718
666
693
703
751
724
682
733
742
737
727
756
706
683
752
694
772
729
719
714
730
741
742
733
824
804
736
757
830
789
792
741
768
781
778
785
772
757
753
784
772
720
775
749
734
722
728
733
737
710
811
740
794
791
736
798
790
786
738
764
739
750
752
732
730
751
739
718
689
684
682
676
696
685
640
634
667
684
643
647
645
572
598
593
622
514
574
542
549
547
522
549
505
522
467
529
497
507
457
454
461
425
450
438
438
413
390
357
376
350
332
357
320
314
332
333
312
334
272
277
276
259
269
296
254
254
300
277
283
301
336
384
397
418
482
405
447
478
491
491
492
551
582
621
549
598
583
594
578
556
549
560
500
483
534
494
474
446
391
413
428
372
354
335
327
362
310
326
332
358
321
305
341
307
315
311
285
318
322
281
284
270
222
267
246
236
248
209
201
196
225
206
209
233
242
219
195
160
189
169
148
166
178
173
168
182
149
168
170
164
149
150
138
135
151
124
136
133
135
127
116
115
110
116
110
107
88
85
96
88
99
80
82
90
71
68
75
82
61
62
68
66
78
64
57
50
49
45
34
41
38
32
39
26
19
34
37
27
22
29
32
31
32
30
26
26
33
37
33
39
38
38
34
21
37
21
33
40
25
31
22
30
29
34
22
36
29
35
33
17
40
27
35
27
26
38
27
37
35
30
38
28
21
32
36
38
35
28
37
33
23
31
28
22
27
19
23
16
22
25
19
21
22
16
12
10
