206
236
251
210
202
208
233
210
210
228
220
235
249
245
234
247
246
240
262
267
258
269
279
367
392
325
322
327
337
342
326
342
342
359
328
351
347
363
409
397
375
360
397
392
407
399
412
405
417
405
435
422
447
490
423
439
418
423
467
467
678
653
824
943
881
913
944
919
874
867
907
942
938
887
928
948
907
944
929
1020
964
968
1035
1050
1119
1122
1101
1084
1155
1161
1154
1138
1154
1173
1234
1264
1224
1335
1570
1488
1528
1890
1683
1723
1673
1597
1608
1523
1507
1416
1481
1471
1428
1413
1449
1451
1379
1418
1379
1380
1276
1373
1300
1341
1296
1341
1230
1274
1400
1357
1311
1359
1328
1297
1269
1230
1325
1305
1356
1407
1401
1494
1526
1639
1749
1826
1962
1865
1903
1815
1846
1864
1914
1997
1916
1916
1924
1914
1969
1847
1859
1839
1881
1851
1861
1829
1817
1939
1837
1883
1866
1878
1883
1898
1889
1872
1979
1846
1924
1875
1977
1848
1865
1906
1904
1906
1969
1942
2024
1966
1997
1992
2154
2149
2161
2220
2288
2276
2318
2419
2450
2542
2554
2595
2597
2642
2549
2589
2618
2536
2621
2602
2634
2521
2519
2583
2669
2628
2540
2453
2512
2421
2366
2295
2358
2394
2411
2406
2339
2338
2276
2240
2329
2272
2242
2279
2186
2164
2196
2174
2086
2069
2044
1910
2082
1994
1989
1949
2066
2038
2053
1966
2065
1959
1940
1939
2008
1915
1969
2004
1942
1991
1945
1944
1942
1882
1916
1877
1893
1991
2067
1946
2023
1875
1915
1888
1786
1895
1896
1876
1865
1943
1937
1733
1814
1719
1740
1569
1618
1599
1692
1553
1608
1634
1607
1619
1674
1672
1643
1621
1565
1569
1622
1617
1610
1597
1625
1661
1669
1559
1564
1486
1483
1572
1562
1487
1493
1482
1424
1488
1425
1530
1471
1496
1411
1427
1411
1391
1425
1474
1390
1390
1396
1375
1360
1368
1365
1434
1395
1433
1375
1395
1378
1462
1326
1377
1363
1311
1392
1424
1331
1331
1408
1282
1355
1361
1293
1300
1345
1299
1294
1334
1303
1266
1288
1332
1330
1289
1321
1269
1306
1325
1337
1213
1326
1274
1204
1301
1219
1219
1292
1254
1228
1240
1289
1258
1297
1187
1263
1256
1247
1246
1279
1238
1263
1234
1189
1301
1292
1231
1272
1247
1241
1269
1246
1213
1237
1208
1267
1255
1198
1264
1296
1194
1222
1178
1231
1324
1144
1249
1210
1205
1215
1150
1216
1196
1205
1218
1147
1188
1167
1182
1251
1259
1270
1377
1294
1338
1346
1364
1354
1423
1414
1306
1389
1320
1383
1363
1416
1503
1651
1666
1721
1701
1679
1554
1566
1725
1778
1519
1383
1359
1300
1335
1168
1113
1081
1131
1127
1019
1019
949
937
958
925
926
874
861
790
803
822
795
755
717
750
756
756
748
731
711
821
733
766
779
787
799
723
816
781
813
723
766
726
717
805
791
740
706
703
674
697
661
673
693
721
672
664
692
633
733
717
713
688
678
682
672
713
689
689
733
707
692
692
686
749
705
714
740
717
689
696
683
685
706
716
712
724
683
650
704
688
666
715
716
715
720
689
699
722
691
652
698
721
682
731
739
691
675
699
729
698
777
739
776
681
706
713
726
732
699
783
719
673
715
736
736
705
716
769
736
717
703
703
737
706
746
703
708
679
728
675
708
736
782
679
743
780
691
691
720
738
749
737
700
699
746
720
708
767
727
714
714
699
700
734
716
697
713
697
678
718
695
714
748
716
746
701
716
746
721
719
767
675
776
760
717
703
731
706
704
750
717
719
729
738
726
726
688
702
762
705
721
717
739
728
761
688
757
723
712
731
768
717
754
732
740
744
721
727
762
788
701
722
761
711
783
689
731
728
720
701
666
767
713
770
705
730
821
673
669
784
774
863
932
927
886
913
1007
939
526
450
441
455
451
455
442
423
438
452
492
405
446
446
430
457
432
444
414
476
453
446
446
440
442
475
431
419
463
467
459
451
456
493
460
460
383
414
439
460
458
454
453
491
452
427
447
472
440
451
428
410
409
457
420
450
449
445
432
437
475
431
447
420
447
473
442
454
437
456
409
424
479
429
458
451
434
424
416
423
423
445
471
435
492
448
436
463
444
451
415
462
450
430
441
451
436
439
449
447
438
437
450
463
428
469
447
442
449
440
498
449
478
436
407
394
445
451
452
433
436
444
409
479
438
411
462
502
484
413
452
423
436
461
451
427
436
405
413
443
465
436
426
496
459
473
464
462
440
470
481
498
475
467
475
483
489
491
459
503
533
562
568
533
535
580
554
527
565
584
527
555
541
530
557
559
574
604
649
571
615
594
641
620
584
593
561
609
569
607
592
580
605
614
579
560
606
570
616
602
572
638
612
625
624
578
668
629
607
597
623
598
657
605
636
657
684
613
637
638
626
678
648
663
714
670
648
671
640
625
641
655
622
647
643
599
527
532
564
552
571
536
549
575
522
571
568
550
562
615
534
588
589
617
583
611
583
588
602
617
621
649
597
631
593
596
565
578
596
557
577
542
563
521
539
541
570
542
480
456
557
504
504
436
469
476
425
439
378
369
320
352
322
306
264
227
207
161
169
146
152
137
115
101
114
65
67
62
74
49
44
33
13
16
7
