235
257
247
239
236
234
220
212
217
236
247
242
326
321
281
290
290
300
293
280
292
301
270
314
282
299
294
291
270
281
300
286
285
284
297
272
301
294
270
294
312
337
336
384
435
428
442
441
467
409
429
451
440
424
425
412
449
370
411
439
419
467
378
433
470
422
423
437
409
444
432
407
430
424
416
443
446
391
429
425
440
433
439
444
431
403
408
385
415
411
432
439
443
445
430
429
431
407
428
451
430
480
431
458
418
430
421
399
446
408
426
429
439
690
740
774
729
692
684
967
1065
1014
1062
1025
991
996
1045
936
914
862
872
924
893
831
815
735
859
801
781
773
743
795
763
869
769
789
820
774
752
763
803
747
727
771
769
778
763
729
737
741
720
725
715
748
733
690
707
683
710
736
726
710
753
808
843
834
771
812
818
774
801
988
969
902
932
933
912
962
911
936
1007
934
951
984
927
932
956
922
921
888
912
949
910
939
944
936
861
945
929
941
913
950
871
890
932
916
899
862
921
923
914
875
917
849
1100
2261
2298
1910
1625
1582
1601
1498
1560
1610
1508
1465
1496
1490
1498
1881
2360
2610
2868
3200
3052
2723
2460
2363
2368
2273
2289
2300
2157
2132
2220
2150
2126
2136
2157
2050
2064
2025
1987
1881
1925
1851
1776
1622
1655
1662
1775
1723
1635
1656
1674
1684
1604
1594
1740
1941
1933
1922
1851
1865
1958
1920
1867
1864
1815
1829
1783
1775
1774
1885
1808
1734
1749
1760
1737
1697
1745
1713
1684
1728
1682
1638
1764
1710
1677
1719
1822
1754
1702
1761
1782
1715
1754
1892
1844
1797
1813
1807
1783
1756
1745
1776
1865
1841
1800
1706
1768
1735
1741
1662
1791
1729
1768
1654
1675
1720
1773
1740
1833
1774
1719
1754
1718
1751
1716
1672
1681
1692
1712
1627
1649
1701
1751
1747
1624
1716
1667
1750
1730
1788
1717
1761
1764
1776
1850
1735
1767
1725
1680
1748
1653
1688
1697
1737
1799
1777
1743
1744
1792
1747
1731
1717
1667
1672
1706
1734
1736
1705
1740
1678
1677
1616
1715
1725
1741
1770
1779
1719
1726
1715
1702
1653
1650
1726
1687
1634
1636
1652
1630
1663
1656
1680
1663
1617
1585
1598
1648
1583
1537
1570
1529
1516
1549
1451
1533
1549
1462
1522
1592
1836
1812
1697
1727
1703
1708
1606
1501
1519
1347
1425
1440
1526
1395
1371
1350
1344
1347
1307
1304
1291
1354
1281
1293
1201
1270
1171
1187
1179
1161
1227
1170
1148
1214
1197
1136
1132
1122
1112
1171
1124
1193
1164
1154
1172
1128
1129
1112
1200
1219
1211
1150
1172
1119
1147
1140
1134
1140
1113
1130
1090
1076
1154
1048
1058
1081
1069
1061
1082
1072
1113
1043
1108
1048
1055
1070
1076
1096
1106
1071
1059
1067
1103
1054
1079
1093
1103
1171
1144
1238
1192
1263
1218
1267
1254
1331
1315
1316
1340
1361
1549
1580
1655
1550
1557
1535
1503
1545
1513
1541
1464
1502
1482
1468
1467
1511
1465
1414
1547
1457
1462
1472
1463
1524
1502
1514
1471
1436
1535
1481
1485
1679
1728
1813
1833
2090
2015
2137
2528
2387
2361
2066
1993
1912
1940
1602
1555
1539
1483
1383
1318
1398
1323
1234
1233
1297
1166
1141
1130
1138
1080
1005
951
906
848
856
798
773
766
696
691
619
589
627
560
552
550
494
498
457
471
440
456
460
436
432
422
415
457
452
465
457
430
431
456
415
457
434
498
416
418
424
421
449
448
431
450
447
464
439
430
464
403
409
440
412
424
444
433
452
457
444
393
430
436
409
410
425
417
420
424
425
396
443
428
404
417
468
422
435
429
416
445
433
419
447
430
426
417
417
453
452
441
410
425
477
453
421
440
446
437
433
415
421
426
440
431
440
438
441
466
465
428
432
481
436
419
458
395
442
414
433
438
436
457
448
440
462
472
476
458
500
480
444
474
431
468
456
470
452
428
472
502
454
455
469
470
456
434
451
444
461
462
466
486
463
463
510
488
445
460
462
424
430
456
485
426
475
421
456
440
428
448
417
464
465
454
443
470
446
463
438
490
455
483
445
429
366
433
422
433
434
429
471
410
450
481
449
431
447
441
430
448
440
411
449
472
434
405
465
469
442
427
438
450
478
443
462
470
495
462
471
423
458
444
456
470
434
463
441
461
386
426
487
447
427
411
399
432
448
458
433
452
484
1351
1460
1420
1171
1104
1084
1045
999
925
873
905
873
828
928
847
839
835
906
840
920
1019
1050
1051
1109
1226
1105
1131
1064
1077
1068
1113
1119
1125
1080
1037
961
944
900
950
853
875
868
903
919
896
888
922
877
874
888
921
839
847
844
775
765
816
796
782
780
780
768
768
837
787
719
797
756
672
770
722
774
755
725
712
799
753
742
747
737
724
716
708
692
725
701
699
769
709
696
713
787
762
734
759
764
713
710
723
735
724
710
761
705
705
700
750
711
734
742
716
746
770
745
724
742
718
793
801
747
797
661
738
740
725
763
766
728
722
739
734
724
732
663
672
709
807
896
1058
1164
1139
1049
1089
1080
985
1030
1011
1088
998
997
895
853
905
804
805
872
896
885
955
978
886
968
855
742
760
759
774
775
788
784
1383
1762
1555
1203
895
677
437
387
369
327
312
306
382
1398
777
398
76
