374
265
323
342
314
339
388
365
338
338
347
339
373
436
470
524
458
527
536
526
492
424
479
490
503
483
736
857
739
823
816
843
881
978
926
939
957
905
887
860
872
904
965
918
972
1082
1050
988
1285
1471
1862
1552
1435
1607
1643
1635
1833
1846
1869
2045
2104
2075
1968
1849
1667
1502
1425
1458
1332
1236
1319
1189
1200
1242
1248
1241
1168
1280
1283
1311
1301
1299
1455
1555
1556
1626
1600
1677
1565
1698
1510
1442
1498
1443
1370
1340
1299
1323
1340
1215
1211
1223
1295
1206
1141
1186
1347
1281
1326
1249
1289
1372
1279
1329
1335
1316
1400
1431
1301
1385
1315
1254
1332
1375
1343
1289
1340
1380
1423
1552
1574
1634
1682
1631
1672
1638
1665
1689
1697
1678
1704
1838
1884
1838
1869
1792
1813
1876
1812
1839
1736
1867
1758
1806
1755
1903
1820
1842
1872
1847
1849
1811
1792
1755
1755
1756
1745
1778
1642
1856
1805
1827
1812
1815
1813
1719
1773
1748
1827
1724
1790
1836
1811
1804
1847
1808
1822
1867
1855
1846
1936
1862
1934
1941
1880
1845
1964
1887
1985
1963
1881
1969
1857
2012
1949
2033
2033
2060
2067
2086
2228
2270
2293
2304
2358
2489
2287
2178
2166
2135
2193
2225
2075
2045
2065
2086
2052
2125
2073
2164
2240
2221
2252
2358
2482
2524
2354
2312
2344
2215
2205
2231
2185
2162
2177
2141
2077
2116
2089
2204
2061
1964
2017
2029
2017
1947
2101
2079
1966
1881
1880
1811
1801
1821
1816
1803
1752
1752
1750
1803
1749
1744
1740
1650
1733
1706
1698
1654
1693
1610
1556
1599
1621
1600
1626
1712
1618
1626
1664
1618
1580
1660
1658
1620
1507
1600
1556
1577
1537
1565
1634
1500
1480
1543
1526
1520
1614
1536
1566
1533
1516
1490
1515
1512
1546
1483
1471
1420
1419
1446
1467
1433
1453
1383
1423
1445
1459
1476
1389
1490
1448
1498
1544
1487
1470
1517
1443
1434
1502
1509
1428
1529
1550
1459
1454
1514
1484
1457
1491
1537
1553
1504
1486
1564
1559
1543
1527
1561
1492
1574
1532
1511
1507
1450
1493
1440
1492
1436
1501
1490
1415
1454
1429
1396
1468
1370
1397
1354
1370
1294
1328
1269
1222
1286
1300
1216
1217
1202
1119
1118
1116
1122
1192
1158
1079
1118
1130
1162
1175
1067
1098
1008
1082
973
1033
1100
1053
1021
1123
1107
1079
1063
1010
1098
1015
1075
1020
1027
1034
1091
977
997
1075
1013
1008
986
932
998
986
1061
1039
1034
1000
1011
972
963
931
1041
967
1022
950
1001
1027
957
1008
956
936
977
959
981
941
998
986
977
992
1035
1004
981
927
1005
886
939
1000
1059
900
905
963
996
952
976
906
959
924
947
908
939
875
902
815
883
834
870
859
862
830
845
828
833
851
790
819
805
863
780
780
786
755
843
834
860
790
791
789
760
735
789
799
791
735
763
757
721
779
746
721
728
744
761
796
805
785
773
806
847
817
827
801
809
768
782
825
902
892
833
868
807
829
833
832
807
851
828
855
789
790
804
718
638
618
568
659
558
628
600
566
567
598
642
601
636
578
589
599
588
562
625
599
592
581
569
552
589
590
602
595
544
616
564
623
577
582
594
601
606
550
608
583
555
568
611
572
564
628
582
576
594
609
586
622
637
601
565
607
645
617
649
635
593
565
617
597
624
636
663
640
620
619
648
630
621
637
605
601
621
571
631
636
610
642
616
635
617
610
661
569
632
621
671
615
652
549
578
642
666
634
643
657
643
611
628
605
567
632
682
641
685
611
610
594
620
579
626
593
639
651
583
615
607
615
603
627
621
558
624
594
618
588
610
634
596
574
635
642
599
604
613
577
585
616
612
614
571
546
597
602
599
573
590
596
550
595
597
583
561
582
537
612
588
561
560
553
561
585
562
543
612
548
557
601
605
586
633
601
553
591
601
609
606
579
581
614
601
583
630
633
582
563
623
589
593
614
582
587
608
590
588
579
588
559
606
595
555
564
621
581
564
566
593
608
630
611
613
642
603
610
638
594
613
568
645
580
578
488
513
530
439
418
384
356
371
334
357
369
347
350
334
339
345
330
362
331
362
350
339
331
379
332
358
334
349
365
385
366
336
328
305
354
316
347
360
362
359
343
349
328
337
342
359
336
316
325
328
322
307
336
347
347
327
363
367
325
330
316
358
380
336
347
297
323
343
339
372
338
342
348
348
325
312
320
349
356
316
357
321
330
332
349
338
324
325
321
334
326
354
305
320
346
334
327
339
293
333
321
331
311
343
307
306
331
303
334
358
371
369
350
352
348
363
364
377
400
394
385
371
375
324
341
336
353
383
377
370
363
361
359
390
331
348
328
343
336
354
365
334
367
367
343
341
360
338
391
375
385
359
379
386
373
383
362
398
383
377
377
424
405
403
392
360
415
414
454
426
393
415
446
458
452
445
460
433
421
443
465
486
462
511
519
523
569
541
535
489
427
458
464
482
499
464
495
527
603
592
588
620
606
599
553
564
595
574
528
567
583
565
552
570
676
746
832
925
892
827
884
841
769
791
856
1479
1900
1757
1532
1304
824
579
641
622
804
931
929
897
872
850
773
872
948
1116
1040
851
829
728
526
363
222
90
