315
335
342
423
621
917
797
788
750
757
717
805
825
961
936
962
906
872
896
883
880
899
959
887
1017
998
1052
1077
1211
1324
1399
1388
1455
1359
1420
1357
1400
1362
1518
2233
2635
2570
2470
2460
2412
2253
2222
2161
2078
1997
2077
2002
2112
2225
2095
2218
2153
2192
2249
2261
2427
2492
2428
2399
2412
2445
2418
2504
2471
2448
2417
2383
2194
2030
2099
2046
1992
1919
1945
1961
2031
2010
2003
1981
2118
2111
2043
2168
2193
2554
2719
2770
2665
2610
2410
2282
2100
2065
2008
1897
1877
1691
1716
1753
1785
1773
1727
1809
1786
1794
1825
1736
1931
1908
2019
2028
2035
2069
2051
2135
2259
2410
2437
2601
2578
2690
2624
2647
2799
2669
2793
2824
2799
2771
2651
2524
2571
2486
2472
2461
2400
2465
2472
2471
2415
2624
2497
2502
2578
2559
2474
2746
2601
2807
2693
3043
3474
3250
3083
3261
3241
2910
2753
2548
2201
2122
2047
2117
2095
2051
1913
1964
1891
1951
1900
1942
1961
1892
1938
1853
1940
1911
1864
1855
1940
1943
1938
1823
1910
1929
2047
1901
1821
1938
1929
1954
2021
1950
2008
2012
1971
2015
2083
2079
2078
2122
2047
2144
2214
2203
2162
2040
2063
2066
2073
2049
1964
1999
2006
1976
2041
2039
2102
2045
2088
2160
2457
2468
2439
2442
2362
2295
2165
2056
2029
1921
2023
1967
2011
2034
2024
2057
2015
2145
2307
2314
2351
2311
2306
2398
2335
2427
2410
2300
2366
2276
2410
2226
2213
2228
2241
2120
2181
2171
2162
2080
2148
2121
2020
2044
1873
1940
1854
1847
1896
1737
1676
1710
1651
1606
1606
1559
1535
1372
1362
1302
1226
1243
1298
1242
1162
1235
1203
1244
1248
1270
1278
1259
1260
1277
1234
1251
1238
1249
1258
1304
1286
1285
1349
1261
1343
1360
1361
1408
1356
1295
1387
1371
1351
1340
1381
1374
1357
1316
1347
1354
1315
1289
1327
1394
1317
1335
1351
1308
1339
1306
1251
1209
1296
1282
1199
1222
1287
1264
1236
1257
1248
1222
1262
1267
1275
1357
1286
1312
1264
1332
1324
1297
1321
1343
1320
1251
1297
1283
1370
1361
1265
1314
1343
1337
1270
1283
1274
1291
1311
1331
1311
1252
1335
1206
1223
1269
1296
1153
1251
1736
2115
1173
680
627
622
635
610
601
544
527
499
516
515
538
543
512
523
540
476
518
540
558
510
583
561
525
534
501
491
473
532
525
496
487
522
492
482
517
509
516
524
478
554
471
493
479
557
446
483
461
503
499
487
482
488
467
468
449
475
469
494
478
470
483
496
461
473
467
446
448
466
435
479
461
465
474
483
438
464
465
480
487
472
426
459
421
462
396
453
412
446
449
438
411
428
455
425
403
412
446
424
452
411
380
443
409
406
418
436
415
430
402
390
383
358
437
393
435
436
405
410
403
419
408
399
402
390
384
380
380
401
405
380
399
382
373
384
416
364
376
358
388
384
359
343
375
352
389
366
387
363
341
362
493
648
740
718
737
620
540
571
595
595
567
555
615
610
558
558
643
619
650
608
592
621
628
624
585
603
583
612
611
536
597
611
529
756
1039
1233
1218
1087
1029
1042
938
937
862
733
564
417
295
298
307
306
285
326
347
294
308
315
293
279
286
294
346
312
278
318
299
303
316
322
309
327
304
354
333
340
327
327
301
289
314
351
347
324
356
338
308
286
337
342
342
326
313
344
331
325
333
329
355
341
383
330
334
340
321
339
328
332
340
348
306
346
386
346
345
354
350
356
337
337
343
336
346
348
369
336
363
374
372
360
369
362
326
386
370
373
391
371
349
376
373
373
366
350
333
354
322
387
385
362
340
356
348
376
363
335
363
377
378
363
381
400
340
409
405
393
354
404
380
405
394
404
430
358
393
397
361
368
396
415
377
386
399
380
392
349
398
375
426
396
368
389
406
412
425
386
406
419
441
435
385
406
404
432
422
416
393
390
411
397
403
402
430
423
418
450
420
417
392
402
413
379
424
420
419
402
398
381
411
399
436
375
388
360
390
425
373
353
389
382
408
359
382
345
359
374
375
392
360
375
372
345
344
364
370
383
362
419
422
369
350
379
370
339
357
372
354
337
344
351
344
348
353
318
353
350
346
317
334
306
355
347
346
317
330
342
354
351
327
343
338
330
358
354
335
301
328
292
323
324
323
323
316
356
315
333
292
274
363
330
304
281
280
292
287
290
326
310
316
295
269
291
279
277
258
291
272
313
267
237
243
273
253
261
263
263
312
265
275
286
297
274
270
248
267
243
268
286
273
278
248
221
254
251
254
452
602
572
490
379
382
400
407
421
442
411
413
415
471
393
709
981
1092
1057
851
496
219
207
226
227
233
242
248
244
246
240
291
252
276
280
298
305
332
321
280
330
328
337
335
338
334
371
380
433
374
407
395
410
450
465
455
484
443
484
517
449
503
487
507
517
510
534
516
505
577
539
524
545
586
553
555
595
554
587
554
595
595
609
582
557
544
590
574
535
514
598
575
579
528
555
582
535
539
564
596
543
527
576
564
544
577
548
552
554
586
580
597
620
590
580
545
614
608
2074
2920
2713
2626
2620
2307
1721
1452
1256
1028
807
658
497
165
