164
119
183
185
175
187
186
218
192
202
209
238
234
206
204
235
248
237
238
237
247
284
336
373
459
364
437
453
396
408
422
453
454
445
481
448
486
508
458
497
479
520
498
552
533
595
596
533
545
581
575
590
642
675
626
631
625
684
788
894
976
1050
1115
993
1100
1070
1052
1033
1064
1088
1160
1112
1163
1107
1167
1203
1210
1228
1302
1309
1286
1248
1301
1325
1408
1374
1449
1485
1676
1847
1984
2283
2603
2876
3657
3195
3270
3149
3226
3388
3428
3213
3063
2978
2946
2896
2840
2810
2733
2749
2614
2730
2639
2674
2638
2617
2555
2641
2645
2626
2767
2598
2625
2490
2591
2617
2588
2637
2979
3104
3110
2895
2969
2641
2775
2628
2329
2150
2085
2083
2090
2055
2031
2032
1967
2027
2023
1994
1920
1963
1916
2013
2177
1883
1659
1568
1515
1538
1462
1485
1484
1488
1525
1520
1457
1486
1523
1447
1482
1469
1415
1389
1446
1455
1421
1484
1427
1415
1408
1387
1395
1387
1431
1561
1531
1639
1510
1002
904
864
821
862
798
778
838
801
772
788
796
753
764
719
754
802
805
703
794
762
750
737
924
1165
1162
1123
1048
1109
1141
1078
1042
1118
1060
1139
1092
1136
1103
1142
1133
1148
1235
1184
1172
1181
1283
1205
1201
1172
1226
1208
1181
1244
1212
1233
1316
1282
1280
1266
1263
1280
1278
1361
1286
1291
1277
1402
1520
1488
1467
1486
1478
1523
1706
1753
1744
1848
2003
2375
2028
1927
1905
1751
1759
1742
1713
1684
1728
1660
1608
1675
1654
1654
1584
1595
1605
1581
1564
1599
1597
1600
1491
1562
1528
1626
1509
1539
1538
1507
1479
1531
1549
1508
1522
1487
1544
1489
1485
1479
1486
1485
1402
1400
1427
1451
1472
1410
1376
1398
1419
1425
1357
1320
1300
1330
1379
1261
1282
1269
1233
1263
1269
1206
1308
1312
1347
1356
1380
1398
1356
1412
1386
1408
1416
1418
1436
1429
1459
1375
1474
1355
1446
1462
1450
1343
1449
1517
1560
1418
1427
1425
1327
1395
1394
1421
1408
1395
1311
1420
1269
1248
1281
1222
1235
1248
1216
1224
1154
1193
1237
1225
1132
1051
1019
1062
1040
1014
1020
1038
923
981
1004
961
936
975
954
867
889
887
910
860
884
895
837
882
865
879
897
880
817
929
849
846
851
884
856
883
869
882
914
915
820
852
835
901
823
827
859
830
863
874
858
835
1085
1114
1173
1087
1084
1121
1110
1121
1143
1082
1104
1108
1172
1084
1130
1136
1206
1137
1096
1064
1145
1083
1109
1085
1120
1124
1036
1107
1173
1128
1142
1146
1079
1067
1107
1151
1076
1207
1395
1350
1354
1402
1394
1363
1368
1377
1524
1378
1393
1391
1363
1323
1248
1048
1119
1132
1128
1090
1114
1069
1070
1112
1041
1126
1095
1121
1113
1047
1129
1085
1067
1093
1095
1146
1084
1166
1112
1122
1140
1091
1096
1161
1102
1145
1117
1156
1149
1128
1194
1148
1173
1175
1200
1264
1348
1350
1335
1467
1448
1662
1600
1492
1337
1138
1057
1065
899
678
605
586
595
646
618
604
614
629
612
611
633
584
614
649
629
606
632
625
639
690
740
683
718
636
636
537
529
380
367
397
374
355
358
385
384
362
391
377
364
378
363
364
363
329
394
327
367
380
377
354
366
380
382
329
389
367
360
370
341
351
401
431
328
359
379
356
373
362
356
375
375
351
382
357
328
395
347
392
322
375
350
351
355
363
343
402
348
429
510
480
526
561
538
566
568
564
577
591
591
556
582
529
549
547
550
550
518
500
536
583
538
529
571
566
511
490
522
585
529
514
551
550
609
508
580
544
566
566
561
566
516
552
576
528
566
523
522
555
528
530
554
522
535
530
524
542
556
535
542
573
571
554
604
578
574
532
552
541
564
600
590
571
600
594
566
578
656
638
619
600
621
638
617
502
410
396
387
363
398
392
430
395
380
399
395
388
399
385
426
433
389
386
391
392
425
412
400
438
422
333
393
390
418
346
418
421
425
416
426
416
438
429
445
444
430
413
440
397
448
439
460
460
448
492
463
446
418
474
500
498
513
470
469
419
471
482
435
418
469
463
447
490
435
481
466
461
488
457
450
466
478
454
468
469
485
466
470
454
485
495
486
478
468
485
485
520
500
474
463
512
483
508
439
515
483
506
495
487
475
477
501
508
486
507
511
478
491
523
502
524
512
515
708
697
701
706
658
702
683
770
654
707
691
714
679
648
759
742
716
716
700
650
704
749
785
786
726
766
796
735
747
773
798
801
796
813
814
814
802
892
861
817
879
864
885
920
919
928
977
1016
1004
1089
972
893
802
876
820
929
860
855
927
952
1018
1204
1106
1164
1123
1151
1051
1124
1193
1260
1336
1256
1273
1280
1223
1368
1312
1320
1319
1408
1368
1384
1459
1580
1757
1871
1730
2026
2558
2538
1837
1476
1360
1342
1287
1174
692
503
395
393
385
421
374
364
357
356
329
371
327
344
348
338
346
339
358
308
365
360
370
372
345
329
368
358
341
336
361
358
351
339
319
372
345
339
353
329
313
334
337
363
352
379
369
350
352
384
316
330
333
329
381
321
372
368
304
322
357
348
344
365
375
366
391
372
383
400
391
407
378
369
405
419
376
424
392
378
415
420
422
480
484
551
511
538
508
467
496
562
631
707
808
998
996
502
