476
391
332
354
314
308
320
341
341
333
350
343
356
341
336
371
380
383
368
615
776
729
795
822
1125
1162
1097
1026
1079
1060
1017
1054
1024
1016
1057
1000
1120
1113
1158
1143
1159
1112
1078
1095
1532
1573
1605
1455
1469
1398
1674
1857
1774
1758
1715
1680
1556
1534
1549
1454
1483
1471
1443
1429
1469
1459
1368
1417
1361
1341
1323
1337
1422
1312
1444
1382
1393
1423
1344
1407
1451
1372
1425
1437
1368
1398
1447
1511
1573
1688
1801
1825
1850
1882
2259
2019
1959
1951
2008
1934
1798
1893
2257
2028
1773
1657
1685
1630
1627
1641
1619
1624
1642
1648
1655
1710
1718
1721
1738
1734
1734
1837
1751
1778
1781
1812
1751
1791
1713
1895
1846
1776
1843
1830
1917
1830
1806
1776
1809
1861
1795
1913
1834
1887
1821
1809
1863
1885
1899
1831
1816
1965
1891
1910
1887
1925
1956
1946
1958
1975
1943
1931
2018
2078
1981
1938
2002
2078
1965
2069
2118
2119
2158
2280
2239
2168
2253
2339
2294
2278
2308
2398
2479
2434
2575
2570
2612
2677
2716
2725
2625
2626
2646
2487
2438
2453
2436
2391
2250
2303
2280
2182
2177
2199
2220
2213
2131
2144
2071
2098
2100
1971
2045
2058
1972
1936
1911
1934
1980
1890
1972
1909
1892
1823
1726
1686
1611
1549
1550
1517
1496
1490
1420
1391
1451
1419
1321
1388
1308
1293
1253
1317
1342
1272
1381
1342
1412
1369
1916
2209
2011
2025
1996
1949
1748
1740
1642
1772
1724
1682
1652
1677
1729
1704
1796
1693
1685
1586
1684
1706
1669
1674
1668
1640
1638
1682
1729
1615
1659
1694
1640
1707
1761
1639
1660
1671
1668
1680
1678
1707
1621
1711
1789
1635
1752
1714
1719
1714
1691
1564
1625
1639
1724
1682
1722
1701
1693
1629
1587
1634
1621
1689
1658
1642
1659
1673
1683
1672
1660
1690
1706
1647
1721
1721
1657
1712
1731
1747
1682
1690
1756
1700
1714
1742
1754
1757
1695
1640
1770
1804
1744
1703
1741
1736
1653
1731
1705
1742
1714
1783
1738
1739
1792
1769
1787
1727
1742
1756
1737
1793
1816
1820
1831
1718
1749
1786
1739
1779
1749
1731
1832
1763
1730
1770
1740
1798
1761
1799
1798
1762
1806
1711
1785
1817
1903
1956
1856
1916
1885
1985
1998
1994
2064
1939
1884
1982
2027
1892
2008
1904
1919
1966
1880
2065
2042
2008
2094
2081
2106
2031
2127
2114
2068
2062
2034
2098
2082
2099
2082
1969
2097
2021
2071
2070
2037
2106
2069
2100
2020
1987
1971
1925
1994
1993
1982
2040
2086
1976
2131
2273
2606
2756
2733
2628
2375
2102
2033
1984
1931
1848
1777
1877
1857
1787
1771
1695
1643
1627
1491
1494
1381
1329
1283
1274
1240
1203
1187
1149
1143
1097
1121
1096
1037
1018
1027
989
967
899
947
878
907
878
815
823
871
816
836
806
741
760
713
684
678
672
564
480
467
507
484
464
495
473
446
472
475
502
487
492
445
467
505
494
493
461
466
472
468
498
488
464
477
453
479
457
455
443
458
473
477
411
480
448
490
466
431
422
463
439
480
438
418
419
481
439
445
416
492
452
464
384
425
486
438
427
432
423
412
450
456
453
462
426
466
453
423
395
433
388
393
414
423
406
386
471
411
415
460
402
409
420
407
365
427
394
412
392
436
406
417
405
401
419
376
422
391
368
409
349
408
380
387
403
384
365
398
429
392
362
363
407
386
403
370
376
346
383
399
392
376
332
356
391
337
353
359
352
373
373
370
359
375
324
342
343
382
367
361
334
336
348
336
335
324
316
370
329
343
355
344
308
342
324
352
339
307
364
321
321
334
337
346
342
347
328
328
298
312
308
316
324
339
308
291
324
343
323
318
284
327
295
320
290
305
291
325
309
314
293
291
316
266
273
321
301
302
266
302
296
291
301
312
287
332
312
322
299
282
289
294
281
322
314
274
279
303
306
283
286
268
303
279
285
289
260
284
295
299
271
268
251
274
270
270
285
265
268
276
259
266
267
319
261
295
260
266
262
263
268
282
255
274
292
261
267
234
241
267
273
278
275
248
251
232
245
262
259
252
245
279
250
260
230
254
257
211
223
255
260
226
257
223
245
247
245
269
252
253
274
259
229
227
238
258
246
251
243
230
248
217
194
228
234
219
250
243
273
262
235
229
213
214
208
251
207
210
249
241
231
232
216
204
211
199
228
224
212
217
216
244
194
233
238
246
210
219
201
207
239
200
216
215
218
205
210
204
213
198
193
192
195
229
228
208
213
214
218
204
198
194
221
184
200
235
214
196
178
221
227
213
203
205
206
179
209
201
195
184
206
204
212
204
239
195
196
191
216
195
203
219
183
215
198
219
212
231
209
199
236
215
233
231
218
213
223
217
211
219
216
229
212
243
223
219
221
226
236
210
207
239
219
227
207
224
240
248
234
240
267
274
274
302
289
298
310
304
337
353
361
380
364
385
377
374
373
407
382
406
408
419
446
422
457
428
452
441
458
478
440
469
507
453
485
466
457
472
508
522
497
508
522
517
532
583
566
526
560
537
577
557
568
560
589
585
585
653
674
757
754
675
657
615
575
580
567
519
490
528
447
413
438
383
362
315
287
305
258
265
228
216
197
196
169
157
121
129
121
108
85
101
83
57
60
24
18
