17
20
26
26
27
31
31
26
36
49
35
42
46
42
47
49
42
57
53
52
63
59
62
58
62
69
70
69
87
80
70
80
85
84
96
95
105
83
107
90
81
87
95
104
107
122
118
100
109
108
112
132
133
125
121
132
124
140
126
140
138
132
150
157
136
154
156
146
160
153
167
161
152
173
161
164
178
184
200
194
187
172
195
195
191
188
203
195
215
164
193
199
210
185
210
212
231
209
214
210
241
239
218
229
273
446
491
491
450
464
461
494
475
479
488
501
563
488
499
521
547
524
535
543
596
556
522
562
552
581
528
604
590
557
582
594
602
579
592
595
599
639
604
591
639
615
652
634
665
707
662
617
670
673
720
679
679
659
731
695
696
690
657
729
676
764
728
680
742
698
745
707
719
760
735
742
787
763
796
769
812
771
765
799
770
792
812
810
788
823
829
836
864
843
865
814
868
849
864
877
863
891
900
870
861
885
883
889
840
889
915
928
944
925
911
904
944
967
972
924
927
977
993
966
981
939
949
978
949
933
1000
987
1047
970
984
986
993
1028
1002
1076
1005
1077
1353
1261
1338
1324
1363
1386
1327
1294
1368
1412
1332
1337
1338
1291
1340
1324
1347
1472
1437
1450
1492
1507
1447
1464
1558
1524
1599
1626
1584
1574
1882
1751
1817
1708
1760
1703
1737
1702
1709
1612
1604
1595
1638
1666
1533
1515
1485
1522
1507
1488
1531
1471
1457
1439
1461
1468
1414
1512
2217
2146
2135
2186
2153
2091
2185
2026
2049
1925
1969
1845
1851
1815
1932
2124
2076
2269
2263
2267
2264
2289
2349
2630
2343
2214
2166
2131
2146
2124
3026
2801
2712
2617
2673
2672
2622
2502
2377
2327
2245
2150
2093
2052
2036
2044
2077
2043
1888
1946
1823
1823
1857
1884
1821
1784
1742
1729
2670
2565
2518
2579
2562
2438
2611
2370
2384
2364
2221
2216
2137
2162
2214
2295
2305
2269
2287
2329
2262
2549
2412
2283
2249
2153
2130
2100
2021
2246
3034
3117
3101
3147
3133
3219
3138
2980
2962
2799
2797
2710
2704
2566
2504
2550
2314
2374
2291
2254
2147
2089
2148
2038
1999
1956
1837
1866
1845
1777
1858
1754
1822
1795
1822
1801
1791
1744
1679
1695
1789
1778
1719
1700
1704
1794
1735
1736
1751
1792
1691
1821
1792
1829
1879
2003
2067
2042
2092
2042
2035
1874
1882
1721
1704
1680
1708
1563
1602
1590
1497
1566
1596
1475
1461
1487
1461
1432
1409
1439
1442
1451
1333
1512
1654
1654
1786
1939
1970
2058
1970
2083
2030
1926
1917
1803
1666
1684
1685
1701
1761
1667
1622
1530
1562
1487
1356
1335
1339
1272
1263
1241
1385
1313
1285
1272
1224
1223
1224
1212
1271
1285
1250
1186
1251
1210
1196
1156
1163
1160
1156
1200
1202
1362
1440
1584
1588
1628
1669
1733
1747
1738
1550
1550
1385
1400
1320
1226
1158
1153
1149
1107
1147
1142
1165
1086
1165
1149
1195
1276
1155
1229
1112
1127
1203
1120
1163
1209
1221
1245
1220
1175
1211
1203
1215
1179
1178
1217
1205
1158
1262
1197
1198
1158
1156
1192
1172
1187
1181
1203
1185
1163
1162
1198
1155
1147
1171
1146
1146
1126
1175
1165
1159
1151
1181
1186
1153
1185
1179
1194
1110
1153
1287
1373
1518
1510
1552
1621
1653
1658
1577
1608
1557
1622
1662
1588
1585
1637
1596
1622
1597
1655
1598
1645
1670
1703
1760
1860
1841
1868
1882
1801
1703
1695
1565
1579
1543
1423
1480
1481
1490
1526
1405
1477
1378
1386
1449
1402
1412
1382
1359
1392
1331
1339
1333
1370
1379
1323
1300
1316
1303
1313
1356
1308
1248
1297
1279
1237
1236
1207
1247
1158
1204
1232
1199
1267
1181
1126
1179
1153
1165
1101
1152
1119
1185
1130
1137
1088
1068
1087
1092
1136
1052
1091
1058
1109
1088
1096
1049
1039
1093
1063
1010
1045
1012
1002
1023
989
1019
1057
963
1025
1037
1059
1014
1008
1024
1027
930
1002
985
971
935
999
947
975
989
938
927
906
954
932
953
1023
1041
1057
1049
1157
1161
1105
908
698
662
650
634
568
593
611
572
534
529
543
509
494
461
527
485
470
489
448
465
466
445
414
444
458
444
463
459
418
485
451
415
442
440
446
397
431
482
499
459
460
465
499
483
463
500
520
524
475
511
494
489
481
531
526
502
482
472
484
486
480
469
463
415
422
463
407
401
364
373
303
313
282
299
309
292
305
352
290
268
300
312
264
293
292
289
276
308
286
258
294
291
287
316
289
284
305
296
288
266
285
291
313
288
268
290
269
288
284
275
273
309
274
259
311
273
282
267
294
273
294
283
313
295
259
268
298
286
307
266
258
288
273
310
259
292
315
266
294
300
258
312
302
308
287
283
294
283
287
295
262
245
270
284
296
301
283
268
284
282
289
260
265
266
276
271
295
273
282
308
256
275
292
266
311
288
299
259
274
283
282
283
276
295
292
291
281
265
289
266
273
285
269
296
270
261
311
285
266
295
288
212
283
303
278
289
284
284
264
275
267
258
283
271
257
276
268
274
265
285
277
281
244
250
233
253
208
237
214
220
213
200
198
201
223
193
192
202
198
177
165
176
148
175
150
144
125
132
139
126
129
138
144
131
159
142
138
124
127
113
99
98
98
85
105
84
100
78
71
72
73
65
69
84
61
56
50
36
42
39
44
50
15
18
8
