113
106
93
117
113
93
109
135
140
149
118
140
120
132
147
136
130
142
154
159
133
157
156
169
142
158
161
171
162
176
154
164
147
187
173
188
184
184
181
193
175
202
226
202
217
198
204
211
228
233
215
215
215
221
223
249
253
226
242
258
256
252
301
248
274
254
242
283
288
278
304
294
281
278
267
308
300
292
297
287
295
323
304
295
305
329
305
298
337
313
321
352
322
320
361
290
325
312
364
397
311
335
359
343
373
364
558
761
707
684
719
779
741
726
798
745
820
769
791
772
795
772
792
827
771
850
861
827
808
922
791
834
844
870
850
815
863
854
930
823
929
876
886
906
905
932
1012
893
937
932
914
950
911
913
970
965
960
959
1026
1010
1018
1014
954
1013
1023
1033
993
1011
1029
983
1120
1026
1070
1033
1107
1050
1083
1050
1041
1120
1109
1104
1096
1106
1082
1135
1201
1245
1249
1300
1364
1330
1345
1319
1272
1359
1383
1271
1418
1341
1371
1411
1412
1449
1470
1456
1454
1386
1519
1471
1466
1513
1588
1595
1673
1717
1645
1818
1793
1737
1774
1758
1804
1861
1815
1818
1956
1932
1870
1952
1891
1879
1750
1753
1710
1783
1672
1742
1904
1925
1941
2038
2045
1999
1974
2078
2028
2151
2129
2024
2082
2148
1997
2152
2136
2151
2130
2047
2125
2133
2203
2220
2182
2312
2562
2560
2668
2618
2698
2710
2810
2856
3181
2866
2757
2708
2714
2666
2689
2590
2527
2405
2371
2323
2186
2138
2174
2083
2283
2278
2400
2446
2512
2511
2558
2503
2474
2586
2548
2462
2483
2570
2540
2439
2457
2417
2317
2307
2364
2310
2445
2422
2319
2332
2648
2958
3217
3260
3492
3445
3411
3466
3491
3420
3237
3215
3162
3238
3245
3150
3094
2963
2845
2768
2724
2629
2509
2519
2451
2279
2261
2239
2147
2082
2105
2187
2087
1979
2062
1930
1907
1963
2037
2099
2095
2198
2098
2167
2170
2305
2270
2373
2448
2429
2492
2404
2390
2298
2236
2207
2243
2000
2205
2076
2070
2068
2075
2041
2020
1929
1946
1901
1906
1821
1795
1809
1840
2020
2061
2151
2129
2223
2228
2227
2120
2188
2090
2164
2190
2206
2266
2213
2177
2112
2143
2214
2163
2102
2006
1872
1792
1722
1684
1672
1720
1637
1609
1517
1564
1570
1561
1615
1728
1677
1562
1556
1556
1517
1498
1532
1485
1625
1567
1683
1734
1868
1802
1850
1889
1699
1582
1520
1465
1498
1387
1315
1301
1304
1264
1193
1190
1124
1084
1107
988
1007
945
920
923
869
842
845
858
794
876
888
833
782
836
811
761
828
783
781
771
771
768
732
801
796
771
760
734
749
744
674
732
737
699
725
703
646
634
650
677
644
675
689
699
772
785
821
805
832
785
844
885
827
909
914
882
869
913
883
886
886
913
908
895
964
935
987
957
1016
968
872
892
977
1001
1005
991
985
985
973
993
1007
1049
1005
1039
1046
1095
1042
1092
1098
1061
1107
1079
1067
1078
1051
1099
1092
1060
1112
1031
1038
1053
1004
1007
1039
1030
1061
996
1006
1074
1065
990
1036
1046
978
1047
990
1048
1028
960
1064
1036
1015
1027
1041
997
1020
1026
980
1012
984
967
985
1041
1012
1008
1024
1022
971
1000
1001
998
1038
1059
994
1078
978
958
971
970
970
935
1007
975
992
977
989
971
1015
934
1008
1013
991
970
962
987
953
988
967
1013
986
970
983
991
946
938
938
974
970
940
1002
964
936
1011
1016
892
972
1024
935
927
936
983
1004
1235
1339
1452
1549
1547
1602
1480
1508
1560
1482
1447
1500
1608
1767
1730
1739
1749
1738
1513
1426
1463
1447
1481
1459
1538
1450
1367
1306
1281
1166
1167
1067
1048
1010
1017
982
916
945
898
953
898
941
942
914
916
899
888
906
834
762
823
863
799
818
822
804
770
758
808
761
772
775
769
759
808
733
716
676
691
658
652
580
613
573
536
500
557
515
445
408
403
385
352
362
316
378
355
350
357
307
341
327
305
339
328
318
303
317
306
303
326
274
288
278
304
291
305
319
302
288
300
270
313
325
306
326
322
314
321
314
310
284
287
292
314
322
315
295
283
295
296
318
301
296
307
259
295
313
269
288
299
293
275
283
278
269
317
304
301
285
315
293
294
293
300
285
288
274
305
284
312
316
310
316
286
281
280
287
301
278
304
266
274
293
291
277
281
311
284
296
293
289
293
294
291
279
288
267
255
276
255
272
298
291
294
277
280
302
310
275
280
277
267
297
296
289
281
296
297
293
284
306
275
311
298
285
283
326
266
322
302
264
296
292
325
278
308
271
316
264
286
310
277
318
288
322
292
285
270
318
270
289
259
277
301
297
254
305
283
270
280
264
295
302
276
272
283
303
307
288
262
276
291
256
279
269
300
259
281
304
279
297
303
288
294
260
271
287
262
275
291
288
286
272
259
251
289
287
315
321
254
270
287
257
308
280
303
283
298
291
294
285
278
299
284
274
291
298
278
296
259
268
295
255
230
265
282
291
285
287
291
271
253
275
298
293
258
250
227
224
242
231
234
227
228
194
217
209
206
202
172
170
184
174
168
131
130
128
140
134
149
141
144
158
151
124
97
105
104
85
95
82
83
71
75
54
54
69
65
41
58
47
39
31
19
11
