72
62
70
79
74
83
75
75
77
88
90
80
87
82
92
111
91
78
100
112
111
81
123
98
90
100
94
95
112
108
99
102
111
117
120
119
112
130
131
131
192
253
238
222
296
268
267
271
274
297
299
254
278
281
279
274
332
295
279
319
313
302
335
296
344
323
313
296
337
328
331
340
343
354
349
347
337
360
335
315
376
343
346
367
373
391
381
355
410
381
403
373
380
390
381
359
374
397
398
423
396
427
429
407
415
439
415
466
425
428
468
428
471
427
424
438
468
497
447
439
492
469
440
453
474
519
478
517
481
455
456
464
502
455
533
496
485
488
503
497
490
503
501
542
542
542
555
528
562
523
551
557
518
578
585
553
578
517
588
603
570
601
552
602
616
582
590
636
556
606
558
606
623
554
578
621
630
598
609
623
600
650
655
629
608
639
630
619
639
624
690
612
651
620
672
674
655
662
672
688
625
698
686
713
649
638
664
696
663
663
699
732
738
738
745
697
732
684
740
699
752
883
1123
1120
1144
1134
1011
992
983
1001
908
968
914
992
1032
1107
1038
1099
1098
1109
1148
1143
1313
1138
1093
1097
1010
1043
1012
1054
1023
1099
1033
1046
1063
1073
1048
1068
1347
1420
1537
1403
1422
1187
1229
1165
1152
1101
1192
1146
1165
1100
1063
1077
1097
1096
1105
1112
1076
1109
1061
1104
994
1062
1007
1008
1018
1055
1027
986
1031
1022
1054
1074
957
1010
1026
1098
1041
1065
969
984
1030
1012
987
1007
982
985
1073
1015
1015
1032
1044
977
1052
1022
1013
1047
1045
965
1061
1000
1053
1023
1617
2019
2057
1822
1770
1610
1513
1522
1587
1549
1498
1443
1422
1610
1715
1806
1822
2017
2085
1843
1681
1759
1676
1691
1555
1505
1615
1443
1524
1543
1563
1512
1484
1486
1476
1436
1620
2559
2582
2417
2179
2017
1939
1816
1847
1824
1849
1701
1754
1653
1606
1706
1654
1647
1625
1572
1613
1558
1490
1500
1561
1563
1543
1530
1498
1526
1507
1381
1454
1432
1479
1462
1404
1473
1437
1416
1412
1515
1534
1462
1408
1433
1427
1300
1331
1374
1262
1326
1311
1320
1336
1465
1542
1523
1552
1619
1593
1595
1640
1539
1510
1490
1617
2613
2805
2787
2795
2620
2465
2373
2405
2367
2303
2255
2162
2275
2326
2469
2479
2615
2528
2401
2310
2249
2324
2275
2301
2350
2305
2263
2292
2288
2344
2394
2402
2351
2450
2661
2686
2798
3843
3768
3337
3145
2977
2923
2776
2692
2676
2682
2653
2582
2575
2552
2678
2543
2663
2676
2707
2685
2583
2683
2564
2580
2508
2381
2340
2412
2332
2239
2348
2346
2394
2406
2282
2264
2339
2242
2257
2258
2262
2234
2274
2172
2153
2329
2195
2194
2189
2207
2118
2205
2223
2165
2175
2205
2128
2189
2104
2004
1982
2138
2134
2082
1981
1903
1853
1846
1737
1806
1861
1714
1762
1787
1683
1634
1655
1650
1563
1591
1594
1600
1537
1532
1501
1519
1410
1427
1446
1458
1419
1365
1461
1414
1544
1652
1791
1732
1818
1788
1866
1887
1778
1668
1601
1602
1589
1539
1611
1515
1635
1513
1438
1535
1542
1494
1413
1399
1346
1321
1306
1346
1438
1294
1204
1147
1132
1140
1189
1216
1067
1057
1070
1127
1021
1085
1007
1101
1208
1278
1286
1331
1371
1383
1470
1482
1489
1415
1516
1496
1462
1536
1471
1485
1469
1485
1523
1535
1574
1648
1643
1669
1770
1755
1811
1759
1749
1700
1708
1639
1636
1717
1681
1580
1547
1539
1491
1394
1363
1385
1334
1319
1307
1314
1300
1332
1316
1331
1423
1391
1454
1492
1443
1429
1377
1429
1409
1335
1400
1388
1456
1415
1343
1377
1440
1402
1359
1409
1412
1401
1389
1369
1368
1386
1374
1442
1358
1329
1408
1454
1464
1386
1424
1269
1211
1208
1233
1219
1245
1258
1192
1188
1179
1195
1153
1070
1118
1064
1124
1094
1116
1072
1040
1023
1075
1104
1046
1050
1137
1005
1051
1004
1043
1099
1068
1020
1048
1062
1000
1038
1005
1066
1041
999
1034
951
1061
978
1014
1042
1046
1069
1105
1013
1027
1092
1082
997
993
941
937
927
913
863
848
858
854
855
797
805
763
783
748
754
740
729
659
752
700
668
652
621
634
630
609
596
572
593
572
584
568
541
514
522
542
489
500
512
463
474
477
483
466
455
434
437
439
454
423
458
404
443
422
409
396
446
407
378
392
398
411
356
363
398
367
380
360
374
387
390
362
381
354
356
345
379
371
361
335
395
356
385
381
359
340
334
360
369
343
367
339
379
339
375
345
380
334
378
393
360
386
343
357
353
351
362
322
363
349
352
358
329
363
359
352
333
370
363
325
405
375
410
386
383
402
415
419
390
427
414
423
424
400
393
363
389
430
403
398
386
385
383
421
410
376
416
391
366
373
377
335
372
340
352
329
314
309
281
261
199
238
217
232
210
198
205
204
191
201
201
204
172
174
204
193
170
180
197
174
184
173
166
187
162
190
165
157
173
155
155
178
149
137
115
114
131
116
121
112
136
126
139
123
138
115
115
119
120
125
107
114
127
129
120
122
109
120
143
128
131
125
127
128
122
149
140
131
132
122
112
136
130
116
124
98
111
113
124
118
93
101
92
85
98
93
86
80
90
83
85
62
82
80
78
70
61
58
45
81
59
64
49
62
35
49
49
38
47
39
33
35
38
33
29
33
19
16
18
9
10
