28
29
22
34
29
35
38
37
41
40
56
45
51
47
50
48
47
59
59
74
54
72
58
56
76
77
80
76
67
73
76
80
87
87
87
104
97
113
96
102
113
85
102
106
99
93
116
103
115
101
124
112
120
125
126
132
137
144
157
136
136
145
127
148
123
148
119
145
149
162
164
158
159
164
170
156
177
139
180
175
145
181
176
179
186
212
183
177
196
196
167
192
207
199
203
226
178
197
206
217
195
216
235
240
222
227
217
243
206
229
245
228
230
245
222
217
235
230
224
203
255
485
451
486
451
525
550
528
560
564
514
537
545
546
540
555
590
545
553
548
575
541
532
570
588
578
612
638
603
611
599
621
569
614
625
593
596
653
637
660
647
620
671
627
689
630
684
663
687
648
725
665
666
676
696
676
700
682
728
748
790
696
739
754
758
721
770
722
733
720
763
741
796
759
773
793
802
819
794
826
785
779
790
820
802
822
770
824
884
846
913
818
824
802
919
1032
1008
1016
1054
994
1020
1093
1087
1070
1043
1058
1089
1122
1130
1067
1131
1134
1088
1106
1050
1137
1147
1129
1164
1200
1175
1150
1321
1224
1346
1396
1339
1407
1446
1443
1489
1556
1604
1534
1536
1481
1436
1426
1393
1468
1437
1406
1292
1345
1316
1323
1295
1288
1315
1284
1263
1253
1185
1245
1303
1296
1263
1164
1196
1277
1227
1236
1254
1200
1194
1150
1181
1195
1233
1251
1161
1168
1227
1206
1124
1188
1236
1203
1270
1565
1630
1848
1877
1794
1871
1806
1827
1881
1881
1942
1869
1901
1859
1821
1823
1818
1794
1861
1994
1962
1908
2061
2016
2040
2195
2156
2272
2387
2423
2706
2707
2460
2493
2576
2540
2455
2342
2460
2409
2349
2318
2219
2124
2039
1997
2019
2043
1958
1916
1919
1893
1735
1766
1774
1703
2208
1884
2038
1992
1890
1948
1965
1904
1912
1919
1831
1960
1865
1795
1843
1771
1843
1905
2105
2122
2247
2245
2288
2328
2222
2299
2709
2358
2494
2850
2967
2819
2822
2763
2735
2749
2689
2639
2697
2515
2504
2364
2354
2245
2204
2345
2276
2266
2264
2369
2458
2321
2315
2389
2601
2414
2443
2514
2684
2882
3003
2994
2982
2965
2950
2993
3038
3103
3083
3029
2998
2875
3082
2968
2985
3050
3112
2918
2843
2821
2762
2700
2705
2751
2587
2582
2510
2528
2498
2450
2348
2361
2371
2313
2329
2225
2224
2155
2240
2252
2208
2065
2157
2122
2129
2032
1967
2040
1953
2054
2032
2022
2078
1958
1958
2057
1975
1962
1902
1942
1861
1946
1926
1987
1799
1981
1908
1837
1942
1854
1849
1900
1845
1879
1795
1877
1925
2061
2151
2152
2213
2246
2341
2318
2228
2312
2315
2275
2236
2303
2219
2047
2043
1891
1882
1873
1750
1738
1719
1676
1577
1541
1397
1392
1351
1321
1218
1225
1189
1198
1117
1242
1158
1150
1215
1229
1111
1124
1138
1050
1047
1069
1077
1050
1081
1024
1054
1105
1046
1118
1180
1220
1346
1336
1368
1386
1130
1104
1000
884
882
800
784
726
678
745
694
711
644
615
644
626
655
624
640
614
569
571
627
591
570
603
567
627
620
726
702
735
718
697
802
751
734
776
766
753
785
763
761
768
831
795
748
781
820
815
742
824
782
760
803
819
880
812
863
885
850
845
845
868
820
881
864
913
888
949
891
924
880
930
886
886
954
885
933
865
951
895
876
976
928
953
903
913
830
909
872
873
917
875
890
934
922
923
907
910
903
915
932
898
940
964
1027
1106
1034
1155
1067
1086
1053
1151
1135
1080
1067
1136
1047
1108
1139
1055
1077
1096
1143
1098
1147
1152
1188
1211
1233
1356
1402
1521
1483
1578
1534
1601
1604
1561
1617
1603
1555
1518
1439
1402
1412
1391
1372
1429
1421
1319
1419
1328
1381
1395
1507
1444
1590
1557
1606
1499
1369
1430
1394
1433
1369
1405
1398
1383
1361
1403
1295
1289
1364
1242
1266
1240
1188
1204
1163
1175
1111
1118
1194
1102
1139
1156
1070
1073
1105
1073
1159
1084
1032
1031
995
939
913
887
902
847
819
828
768
765
736
741
706
776
770
696
728
740
706
701
691
765
677
719
713
728
634
724
707
667
699
693
672
689
695
639
644
594
628
614
612
533
565
584
603
567
586
563
624
569
570
547
573
550
569
536
552
543
463
471
455
439
425
459
449
458
458
434
398
399
404
392
348
347
313
305
295
274
262
239
282
256
299
272
268
271
281
266
275
268
246
267
250
265
273
258
253
268
268
254
237
253
265
273
282
263
280
265
248
281
253
269
314
264
264
258
255
261
244
289
266
268
253
271
271
236
277
271
249
267
253
258
279
247
248
257
243
278
275
251
271
291
231
269
269
232
285
285
220
265
267
285
229
263
251
238
255
255
274
261
255
243
255
268
257
290
274
247
262
247
250
258
263
263
234
277
245
257
276
241
254
264
252
244
257
212
231
266
259
242
245
257
260
240
257
202
222
241
232
211
183
183
206
175
186
209
189
180
167
179
182
175
185
149
149
160
140
154
130
125
137
139
123
117
170
108
105
119
127
101
140
110
120
119
124
131
135
118
113
120
139
130
137
136
155
130
123
118
110
97
97
105
85
89
104
87
74
76
69
69
74
79
71
69
58
48
46
42
47
51
46
43
39
21
19
13
9
