80
82
76
76
79
81
98
91
89
93
97
98
97
99
125
101
114
107
116
120
145
130
125
119
142
140
148
137
124
141
156
170
156
147
159
139
142
156
184
158
190
172
170
174
204
177
181
191
184
193
178
174
212
183
231
204
187
205
202
223
214
223
231
229
241
239
202
239
218
293
254
247
254
237
265
230
282
275
268
274
293
277
252
270
277
282
295
269
262
273
276
310
290
273
311
301
315
305
327
314
340
298
308
320
610
621
649
664
658
682
678
707
696
706
736
686
702
695
717
747
702
763
775
756
752
741
744
778
700
829
765
783
764
786
823
779
775
758
860
819
787
834
859
819
840
828
814
900
862
842
847
869
915
864
859
906
927
928
949
869
882
918
890
934
914
933
973
1033
1068
1066
1088
1084
1140
1069
1098
1223
1186
1232
1208
1178
1199
1224
1223
1257
1216
1185
1245
1287
1268
1260
1315
1297
1432
1426
1456
1528
1510
1543
1466
1510
1547
1573
1597
1640
1560
1596
1692
1695
1614
1658
1537
1607
1532
1545
1501
1400
1446
1480
1409
1427
1466
1451
1450
1315
1413
1368
1277
1388
1432
1582
1485
1508
1466
1557
1504
1470
1483
1486
1497
1678
1832
1876
1857
2002
1943
1974
1978
2076
2092
2039
2087
2250
2107
2041
2214
2047
2028
1964
1987
2066
2081
2211
2245
2253
2288
2516
2583
2684
2707
2773
2904
2963
2673
2677
2606
2605
2678
2940
2862
2777
2590
2537
2390
2463
2456
2366
2418
2308
2436
2248
2384
2345
2280
2285
2244
2187
2268
2273
2282
2661
2400
2417
2442
2512
2574
2505
2387
2471
2404
2412
2432
2504
2784
2818
2929
2921
2968
2977
2828
2918
2913
2885
2897
2786
2734
2642
2680
2650
2625
2527
2646
2706
2623
2672
2687
2727
2775
2903
3288
3218
3210
3210
3375
3342
3393
3390
3399
3439
3561
3616
3511
3431
3180
2856
2882
2838
2572
2685
2651
2646
2477
2489
2431
2494
2407
2439
2384
2299
2240
2362
2302
2324
2305
2253
2221
2252
2215
2117
2184
2156
2127
2067
2119
2108
2105
2084
2105
2143
2149
2146
2088
2128
2072
2015
2018
1997
2022
1978
2020
2042
2007
1942
1975
2209
2367
2331
2437
2424
2476
2503
2469
2506
2397
2483
2490
2385
2407
2461
2311
2334
2287
2183
2167
2094
2021
1967
1881
1828
1732
1756
1736
1534
1522
1481
1430
1391
1464
1373
1297
1315
1284
1345
1319
1298
1305
1276
1339
1368
1396
1495
1560
1604
1608
1642
1555
1493
1234
1294
1130
1138
1037
992
961
903
878
852
761
754
794
752
760
788
799
713
728
680
716
680
732
657
677
597
633
617
596
616
590
621
598
656
580
599
569
623
558
666
706
725
787
776
817
788
806
763
785
794
833
848
854
854
824
860
882
772
831
908
912
847
869
882
948
893
888
943
906
961
920
1095
1059
1215
1208
1168
1201
1213
1143
1176
1160
1140
1199
1258
1232
1260
1274
1304
1240
1254
1291
1331
1304
1395
1511
1647
1648
1704
1721
1790
1700
1657
1658
1736
1701
1621
1690
1722
1619
1604
1777
1601
1640
1755
1881
1853
1889
1996
1941
2059
1758
1792
1720
1861
1789
1804
1817
1841
1866
1878
1800
1800
1809
1855
1841
1828
1746
1723
1706
1603
1626
1570
1461
1616
1482
1564
1471
1500
1450
1347
1312
1318
1267
1247
1156
1089
1074
997
993
1016
999
971
959
937
876
912
912
884
892
866
896
847
804
794
829
766
756
782
760
701
773
726
729
725
739
692
655
629
651
658
631
598
588
587
584
563
568
573
511
539
499
480
462
467
458
478
442
462
462
455
449
423
463
430
406
449
437
463
417
416
448
477
501
507
509
508
503
438
512
475
537
538
514
536
527
477
510
547
506
441
470
482
465
418
392
428
354
343
349
323
281
316
240
288
284
293
326
296
296
292
285
306
303
275
279
250
308
279
279
291
285
280
276
290
294
307
309
273
305
283
284
323
285
296
288
296
280
284
286
286
285
285
291
313
266
322
280
298
261
293
252
294
302
275
269
276
273
270
289
272
280
282
279
262
287
288
278
267
284
276
256
278
290
266
271
277
263
281
273
269
286
276
267
303
273
283
296
282
281
284
272
311
286
260
271
284
297
312
287
299
259
228
283
283
262
278
288
271
274
265
279
273
273
260
299
271
309
298
265
281
281
270
245
288
311
291
265
257
273
267
282
271
271
270
303
271
270
282
280
285
287
281
259
256
258
290
273
265
272
275
265
252
307
300
259
247
266
282
275
270
264
246
278
270
262
264
256
312
252
291
246
302
272
273
272
268
251
262
280
283
248
275
295
240
268
266
271
266
288
265
269
270
248
243
243
316
274
274
261
253
279
273
272
269
269
259
301
262
253
280
278
234
290
240
250
276
266
255
264
271
252
253
272
231
272
248
252
255
264
253
269
255
249
242
267
258
284
256
295
265
263
254
284
251
269
253
261
272
257
243
265
272
272
255
260
265
261
256
244
250
210
220
202
216
211
204
169
181
219
168
197
176
189
175
125
148
149
114
131
127
133
120
126
140
141
139
124
122
115
124
139
129
116
144
122
129
119
111
105
96
101
78
71
70
68
72
68
61
64
58
39
42
53
44
38
37
20
4
