66
72
81
87
63
70
102
89
76
119
86
84
78
88
96
98
96
103
103
83
101
103
80
98
122
119
113
135
111
89
107
117
128
102
107
112
118
125
117
102
110
100
125
117
111
127
119
130
140
126
130
132
148
129
157
135
162
118
127
146
154
158
137
136
152
176
141
129
152
162
161
161
167
177
303
308
333
307
311
330
316
329
341
351
343
352
311
360
349
362
331
362
349
364
376
378
349
368
367
374
352
375
393
401
372
402
411
431
403
410
418
407
403
426
421
417
400
443
418
450
440
429
422
426
438
440
411
449
463
409
454
446
434
455
470
481
493
477
471
473
472
492
530
487
488
485
509
492
471
473
494
496
464
538
520
496
541
539
506
481
533
452
548
510
528
514
527
505
514
556
572
506
535
519
573
531
552
601
536
555
546
557
554
558
561
587
595
580
560
592
592
590
592
555
580
576
562
610
611
619
603
655
905
842
864
896
876
810
832
836
828
824
740
832
803
773
816
808
795
795
781
874
847
844
777
852
819
850
810
817
818
826
879
846
879
838
868
904
880
819
879
883
932
924
908
919
877
907
906
905
913
946
920
952
1022
1020
1320
1199
1237
1097
1155
1169
1247
1139
1182
1050
1161
1134
1077
1122
1099
1079
1167
1139
1109
1136
1073
1079
1114
1156
1092
1432
1596
1871
1801
1756
1819
1871
1757
1740
1655
1705
1665
1617
1635
1637
1646
1603
1648
1629
1586
1590
1546
1597
1492
1451
1473
1472
1364
1394
1365
1384
1396
1343
1330
1337
1298
1366
1326
1361
1321
1309
1252
1289
1331
1298
1352
1282
1380
1234
1316
1266
1297
1253
1266
1343
1896
2256
2062
1989
1854
1888
1855
1841
1704
1633
1569
1537
1520
1530
1532
1412
1454
1436
1426
1376
1340
1347
1330
1320
1285
1262
1291
1183
1243
1322
1285
1285
1330
1307
1241
1401
1716
1591
1560
1589
1452
1396
1433
1429
1286
1251
1122
1205
1156
1112
1197
1129
1170
1178
1085
1128
1189
1149
1123
1126
1171
1158
1123
1114
1119
1112
1135
1157
1149
1170
1127
1115
1078
1165
1134
1323
1305
1232
1216
1236
1249
1248
1245
1306
1438
1415
1442
1414
1447
1713
1844
1872
1791
1738
1681
1696
1637
1601
1585
1556
1506
1566
1495
1529
1480
1429
1448
1449
1405
1420
1487
1578
1696
1765
1709
1747
1711
1743
1752
1813
1730
1834
1798
1770
1752
1781
1766
1774
1826
1758
1552
1697
1734
1750
1695
1662
1681
1587
1736
1635
1638
1663
1735
1598
1641
1787
1644
1621
1624
1678
1642
1600
1571
1672
1602
1569
1498
1445
1429
1452
1386
1412
1462
1339
1455
1467
1429
1467
1426
1489
1468
1507
1527
1468
1482
1678
1551
1574
1542
1556
1533
1844
1828
1776
1713
1859
1892
1761
1827
1816
1760
1697
1703
1739
1752
1676
1595
1668
1717
1610
1610
1571
1627
1569
1567
1587
1588
1608
1526
1629
1613
1572
1522
1533
1567
1611
1524
1538
1603
1546
1578
1617
1606
1646
1548
1474
1560
1558
1544
1630
1552
1601
1586
1574
1611
1549
1541
1623
1545
1606
1581
1581
1579
1621
1624
1677
1622
1672
1659
1589
1661
1715
1873
1833
1885
1798
1746
1743
1722
1656
1664
1638
1683
1659
1752
1635
1585
1620
1606
1639
1614
1713
1682
1722
1646
1671
1686
1670
1734
1687
1732
1643
1657
1677
1679
1734
1662
1747
1707
1806
1698
1745
1773
1774
1751
1784
1834
1839
1789
1828
1788
1838
1893
1861
1885
1809
2033
2107
1950
1919
1744
1754
1756
1769
1753
1772
1662
1704
1708
1673
1697
1603
1644
1624
1564
1593
1511
1538
1545
1539
1492
1525
1544
1495
1450
1427
1400
1503
1438
1431
1439
1450
1378
1446
1435
1358
1443
1415
1329
1342
1349
1391
1339
1363
1353
1358
1308
1287
1294
1285
1283
1270
1291
1264
1276
1284
1232
1242
1285
1218
1194
1244
1154
1138
1224
1153
1149
1251
1182
1111
1146
1172
1198
1111
1083
1144
1163
1119
1158
1117
1106
1113
1009
1048
980
988
1025
1029
1014
1074
1037
1015
1009
1004
1012
969
956
966
987
937
872
968
939
916
886
1032
979
943
882
918
956
951
916
980
925
952
963
905
893
912
953
932
921
952
934
933
896
902
928
904
874
996
995
946
913
950
858
917
883
870
902
981
948
931
913
937
924
883
899
915
920
928
932
890
897
882
978
917
892
909
927
863
933
908
884
905
919
871
892
890
903
870
908
884
767
875
923
863
867
900
851
879
825
811
842
834
838
831
885
840
836
807
772
763
785
795
797
799
761
822
811
741
774
817
736
787
758
752
689
752
724
677
776
697
675
738
750
731
703
696
720
730
777
805
845
855
780
759
684
730
671
689
656
648
646
567
614
558
605
569
508
550
572
541
592
506
521
481
481
482
459
504
510
474
463
453
477
485
436
450
421
464
425
403
427
413
407
400
412
361
353
399
349
354
344
367
317
367
297
326
331
361
303
322
350
348
309
343
316
323
307
304
325
315
355
336
328
318
327
322
350
332
353
306
345
311
308
306
326
318
321
322
284
296
323
306
308
306
291
327
267
286
308
275
269
255
284
259
226
248
248
256
238
222
199
191
212
219
207
170
143
153
172
114
117
124
110
139
132
120
127
125
103
104
115
99
107
98
92
96
98
95
94
98
72
82
84
88
68
55
61
53
51
36
53
35
24
10
