669
695
680
678
724
718
755
1031
1810
1748
1812
1818
1772
1737
1837
1906
1898
2000
1931
1947
1944
1973
1998
1980
1838
1858
1992
1933
2035
1997
2099
2103
2102
2239
2348
2327
2380
2391
2387
2347
2439
2454
2573
2476
2601
2386
2360
2372
2368
2340
2343
2255
2305
2353
2321
2289
2332
2229
2156
2088
2074
2070
1940
1970
1949
1896
1914
1977
1859
1845
1839
1799
1760
1835
1797
1652
1738
1755
1717
1721
1664
1664
1611
1654
1678
1624
1660
1563
1613
1588
1632
1584
1606
1621
1587
1590
1950
1996
1935
1917
1866
1865
1829
1869
1839
1835
1854
1804
1747
1805
1780
1786
1778
1819
1739
1795
1706
1692
1693
1748
1766
1691
1717
1615
1606
1666
1655
1560
1532
1493
1485
1428
1430
1389
1400
1389
1348
1341
1359
1397
1368
1278
1279
1324
1301
1284
1242
1239
1288
1276
1265
1267
1259
1253
1242
1223
1263
1211
1179
1200
1199
1215
1220
1200
1216
1192
1164
1176
1164
1111
1264
1122
1138
1139
1163
1147
1132
1131
1128
1136
1128
1100
1170
1173
1149
1054
1134
1100
1116
1127
1068
1120
1113
1086
1079
1155
1069
1096
1109
1092
1055
1125
1084
1105
1101
1027
1111
1080
1129
1093
1114
1061
1011
1027
1075
1076
1070
1147
1151
1052
1129
1104
1046
1107
1119
1037
1153
1089
1137
1098
1113
1097
1106
1060
1061
1205
1181
1129
1124
1102
1067
1102
1127
1034
1078
1150
1170
1171
1131
1139
1209
1163
1171
1156
1166
1196
1172
1135
1178
1244
1145
1228
1180
1186
1196
1179
1200
1191
1222
1195
1213
1194
1169
1125
1203
1230
1206
1250
1222
1185
1248
1243
1237
1217
1232
1306
1200
1265
1243
1270
1228
1278
1310
1261
1263
1295
1252
1290
1251
1307
1284
1274
1297
1334
1287
1285
1326
1306
1340
1264
1282
1287
1358
1319
1274
1344
1397
1344
1316
1304
1294
1429
1304
1307
1425
1367
1296
1368
1342
1381
1347
1357
1401
1459
1378
1420
1379
1394
1469
1469
1415
1473
1477
1378
1453
1391
1455
1465
1517
1469
1480
1489
1478
1384
1429
1492
1429
1520
1509
1525
1431
1487
1530
1527
1536
1519
1552
1460
1573
1517
1534
1618
1606
1592
1654
1611
1650
1615
1762
1783
1869
1930
1965
1993
1976
1988
2104
2040
2060
2003
1962
1902
1949
1802
1839
1908
1851
1829
1780
1843
1760
1830
1700
1758
1763
1737
1722
1705
1696
1709
1751
1744
1749
1811
1826
1834
1901
1840
1897
1829
1846
1889
1871
1841
1876
1914
1812
1922
1852
1848
1835
1797
1839
1860
1938
1933
1873
1787
1760
1787
1766
1707
1635
1669
1616
1619
1578
1556
1658
1721
1607
1616
1709
1644
1641
1638
1649
1709
1707
1652
1696
1731
1690
1734
1766
1737
1705
1667
1636
1495
1501
1435
1480
1398
1454
1448
1489
1442
1507
1464
1482
1446
1371
1461
1408
1504
1475
1489
1505
1517
1393
1484
1473
1537
1418
1355
1460
1450
1507
1429
1414
1514
1562
1719
1809
2084
2268
2312
2329
2426
2503
2466
2462
2542
2544
2555
2500
2540
2694
2567
2561
2569
2667
2780
2499
2309
2340
2347
2253
2036
1936
1898
1762
1762
1644
1583
1560
1486
1412
1306
1198
1093
1075
1081
993
964
935
948
888
834
837
772
771
762
767
645
684
645
653
694
708
666
682
647
679
660
652
619
668
640
681
653
641
631
599
635
673
654
636
613
672
617
621
636
655
632
632
628
589
602
590
616
598
632
650
616
629
569
615
603
600
615
551
612
629
660
604
624
602
645
610
635
612
674
643
687
714
714
709
671
713
725
673
679
674
645
666
650
654
658
638
653
601
653
622
710
754
737
731
762
795
845
807
788
792
797
845
859
845
876
885
843
914
880
929
853
867
831
847
800
723
783
727
746
739
681
691
749
719
638
644
625
653
609
629
610
652
633
574
605
550
487
541
531
470
499
435
428
425
441
410
387
419
407
370
371
373
336
376
352
303
335
352
307
326
284
338
318
288
261
262
258
292
247
243
230
221
218
242
192
180
162
156
148
139
107
122
111
121
104
131
116
123
130
105
130
124
121
124
110
101
128
128
83
139
111
133
109
127
131
127
124
123
126
127
134
119
114
108
110
117
117
134
119
113
108
143
128
129
119
121
135
114
125
137
104
126
119
132
100
116
125
128
125
151
138
128
132
111
107
128
125
104
111
99
116
140
124
130
120
152
132
115
126
127
135
116
119
109
154
118
131
151
129
112
119
128
117
127
115
130
130
139
141
123
120
131
116
126
138
122
147
132
150
141
141
144
109
132
126
139
121
120
149
127
133
131
127
122
131
149
129
131
123
132
148
129
154
131
149
149
132
149
141
144
153
134
137
129
129
128
137
148
170
130
154
134
145
138
150
147
153
162
138
148
134
152
163
159
163
134
143
139
141
152
164
140
143
127
148
157
140
171
147
131
129
155
169
142
143
167
156
159
162
157
135
134
161
173
147
134
137
154
167
174
139
138
165
157
182
187
160
179
148
168
156
148
167
156
185
151
145
170
164
165
186
172
172
170
188
162
157
153
172
172
174
163
194
165
171
162
165
173
174
185
178
164
183
172
159
178
182
188
180
191
172
195
175
181
186
169
170
149
137
157
126
151
111
147
123
120
110
96
93
101
111
103
94
88
92
87
76
61
64
62
67
59
49
46
46
51
40
38
26
23
21
25
17
15
22
16
9
8
4
