286
470
528
466
470
425
440
404
380
402
410
436
479
472
472
533
641
601
563
549
600
600
559
598
575
508
596
618
636
1311
1537
1133
1113
1211
1191
1216
1385
1324
1292
1566
1547
1416
1463
1398
1393
1329
1298
1350
1256
1292
1332
1361
1350
1333
1344
1374
1377
1351
1296
1337
1420
1361
1387
1403
1413
1486
1332
1412
1385
1450
1476
1453
1429
1464
1477
1438
1389
1466
1546
1631
1588
1544
1677
1646
1695
1804
1851
1779
1761
1845
2086
1959
1940
1999
1997
2003
2012
2068
1898
1784
1698
1958
2203
1870
1827
1866
1989
1877
1745
1614
1666
1567
1452
1529
1550
1497
1510
1428
1461
1416
1434
1407
1378
1323
1330
1404
1333
1332
1422
1356
1332
1291
1352
1280
1352
1305
1286
1301
1271
1325
1248
1307
1396
1297
1377
1370
1413
1331
1303
1392
1341
1336
1351
1366
1334
1350
1333
1401
1476
1476
1481
1454
1446
1470
1467
1511
1532
1483
1463
1456
1491
1460
1493
1464
1531
1498
1479
1456
1518
1478
1516
1519
1505
1554
1518
1623
1589
1622
1577
1614
1604
1490
1552
1578
1527
1512
1459
1553
1519
1560
1521
1585
1541
1561
1586
1598
1579
1638
1657
1620
1554
1622
1677
1637
1771
1767
1774
1854
1832
1831
1972
2089
1932
1918
1937
1978
2192
2107
1962
1847
1907
1867
1797
1878
1910
1728
1723
1776
1791
1659
1645
1688
1656
1778
1695
1696
1726
1764
1725
1617
1680
1626
1737
1600
1595
1447
1527
1476
1337
1264
1256
1243
1207
1289
1215
1197
1287
1212
1259
1214
1206
1249
1218
1144
1184
1177
1178
1164
1178
1156
1215
1217
1214
1205
1234
1186
1226
1146
1103
1197
1212
1244
1195
1216
1146
1214
1203
1277
1267
1201
1205
1188
1214
1166
1159
1217
1215
1180
1189
1268
1253
1241
1148
1196
1185
1267
1179
1149
1211
1227
1149
1169
1224
1214
1248
1184
1262
1168
1201
1204
1208
1234
1162
1253
1276
1160
1205
1167
1167
1260
1197
1261
1249
1220
1173
1231
1275
1275
1215
1198
1287
1237
1217
1211
1266
1156
1179
1200
1206
1251
1242
1225
1229
1229
1233
1220
1201
1179
1188
1191
1240
1242
1194
1270
1301
1262
1369
1399
1447
1500
1440
1408
1415
1411
1439
1469
1436
1419
1341
1402
1345
1287
1373
1330
1292
1339
1358
1340
1282
1355
1288
1336
1361
1281
1427
1333
1365
1311
1359
1344
1385
1341
1388
1406
1370
1364
1349
1469
1335
1399
1401
1349
1444
1417
1453
1457
1412
1351
1349
1363
1394
1355
1341
1395
1357
1286
1434
1341
1343
1407
1357
1325
1422
1415
1383
1436
1335
1474
1481
1539
1527
1536
1461
1530
1524
1424
1486
1464
1491
1493
1483
1440
1478
1511
1526
1532
1545
1583
1616
1554
1504
1556
1537
1513
1570
1646
1573
1530
1478
1481
1441
1461
1695
1762
1438
1321
1279
1558
1536
1389
1254
1339
1408
1385
1298
1372
1304
1230
1231
1650
1597
1192
1205
1191
1200
1193
1251
1186
1188
1110
1104
1174
1147
1147
1131
1107
1132
1131
1134
1109
1161
1139
1144
1082
1064
1149
1140
1123
1118
1128
1030
1168
1111
1166
1181
1197
1119
1167
1169
1181
1118
1186
1140
1130
1108
1114
1101
1123
1107
1072
1063
1051
1081
1114
1106
1102
1128
1100
1090
1095
1092
1038
1046
1069
1085
1039
1055
1027
1062
1049
1057
1003
1027
1004
1058
1018
1017
1089
1054
1061
1027
984
1000
1050
1067
1063
1016
1039
1055
1090
1066
1035
1063
1053
1072
1061
1092
1031
1034
1116
1078
1104
1074
1047
1124
1037
1133
1127
1044
1108
1993
1906
1638
1429
1365
1372
1356
1294
1262
1296
1221
1146
1162
1165
1239
1251
1258
1219
1246
1253
1177
1132
1085
1120
1037
1108
1134
1051
1090
1076
1130
1154
1100
1163
1080
1111
1031
1073
1037
1090
1074
1080
1059
1082
983
897
848
821
885
848
829
890
893
943
905
900
934
947
905
859
839
844
833
817
817
708
740
758
713
717
743
668
670
687
676
636
685
678
659
720
671
706
731
712
680
724
726
800
696
760
839
709
611
584
581
562
592
605
552
579
578
517
532
531
512
540
527
550
552
534
533
548
556
579
552
563
590
588
640
551
616
679
636
630
615
635
626
672
695
706
657
671
627
655
605
653
613
623
593
621
637
585
533
616
585
618
602
636
617
559
589
597
570
577
592
561
550
581
587
560
540
583
529
560
560
525
534
584
560
531
511
573
552
546
510
541
509
554
515
542
559
493
476
501
504
534
522
490
470
523
485
480
491
453
496
484
471
492
463
446
479
462
442
416
422
453
507
577
608
575
540
496
432
403
437
381
355
280
248
184
191
185
204
211
194
218
205
186
208
179
211
203
181
188
196
147
176
179
165
163
141
134
104
104
104
98
124
87
119
101
96
102
96
101
118
92
105
106
107
115
113
120
111
89
118
121
104
99
102
99
121
103
110
99
124
104
113
98
104
111
86
109
117
94
103
107
101
132
185
213
242
255
284
307
290
232
212
200
190
201
177
224
218
174
184
203
169
233
198
183
198
199
167
182
189
186
214
173
190
188
183
166
174
188
175
180
189
176
187
175
157
169
154
174
179
161
167
159
183
166
177
178
163
159
161
168
188
156
141
171
170
176
161
163
146
172
176
166
161
150
156
148
150
137
135
125
109
126
106
119
89
107
123
96
99
86
92
103
91
81
94
75
82
65
67
71
64
75
54
77
66
79
62
81
69
64
76
62
67
49
72
83
68
80
72
50
47
49
30
22
26
16
11
4
