84
231
362
418
443
564
633
658
652
1109
2417
3091
3196
4282
4507
5134
6504
6166
5284
4458
4228
4199
3905
3464
3293
3026
2890
2784
2694
2499
2597
2748
2761
2838
2632
2714
2630
2677
2569
2515
2497
2393
2388
2296
2209
2177
2120
2124
2006
1918
1907
1921
1876
2012
1925
1923
2116
2073
2045
2180
2118
2521
2578
2385
2265
2174
2100
2083
1975
2014
1852
1832
1875
1848
1885
2120
2029
2168
3684
3049
2573
2238
2226
2174
2156
3306
3273
2809
2430
2164
2201
2101
2024
2015
2032
2038
1958
1988
1801
1864
1852
1874
1805
1907
1854
1795
1770
1825
1716
1759
1762
1769
1761
1675
1691
1760
1668
1719
1668
1674
1704
1665
1619
1592
1694
1665
1591
1648
1613
1588
1624
1587
1590
1572
1545
1538
1517
1538
1521
1530
1484
1533
1473
1388
1485
1424
1460
1434
1405
1358
1419
1383
1433
1428
1377
1405
1431
1413
1419
1427
1394
1354
1348
1407
1397
1382
1360
1435
1357
1465
1393
1419
1415
1326
1437
1392
1408
1384
1398
1366
1361
1396
1442
1417
1340
1396
1363
1450
1357
1338
1421
1392
1380
1383
1412
1389
1296
1358
1351
1315
1300
1355
1369
1356
1322
1336
1254
1356
1322
1395
1415
1454
1446
1365
1447
1398
1490
1544
1546
1542
1547
1559
1600
1617
1605
1632
1730
1612
1676
1691
1637
1658
1626
1669
1689
1582
1595
1576
1543
1555
1644
1558
1654
1561
1601
1649
1704
1667
1778
1741
1737
1809
1768
1725
1789
1852
1858
1779
1815
1807
1786
1825
1726
1741
1791
1752
1825
1771
1755
1822
1684
1714
1764
1675
1817
1743
1649
1744
1790
1740
1735
1735
1683
1638
1775
1761
1757
1736
1779
1756
1719
1776
1819
1739
1795
1832
1828
1841
1786
1810
1749
1763
1725
1802
1769
1747
1692
1707
1655
1599
1585
1533
1598
1523
1509
1516
1637
1605
1525
1534
1503
1543
1542
1540
1622
1502
1529
1559
1565
1475
1508
1570
1563
1552
1570
1521
1659
1604
1634
1654
1709
1798
1733
1747
1822
1804
1838
1720
1868
1870
1956
1953
1893
1962
1923
1907
1881
1785
1929
1893
1934
1944
1920
2040
1870
1980
1934
1898
1877
1822
1847
1818
1747
1791
1797
1756
1745
1699
1627
1594
1720
1684
1634
1730
1943
2323
2116
1474
1224
1120
1164
1162
1212
1190
1233
1288
1442
1411
1339
1425
1417
1377
1467
1366
1277
1334
1366
1327
1301
1263
1259
1257
1196
1166
1068
957
948
834
791
773
738
760
710
764
740
747
760
778
713
810
821
774
772
770
770
800
792
867
770
852
833
834
829
836
815
893
825
859
853
793
842
841
862
801
862
802
829
785
903
864
862
842
782
909
870
832
901
879
885
887
924
886
879
884
899
866
892
856
942
885
901
915
928
954
976
915
1007
946
1001
1013
955
1001
988
1005
1025
1019
994
919
981
1044
1097
1219
1217
1231
1119
1098
1131
1142
1106
1102
1124
1200
1174
1152
1286
1250
1283
1207
1235
1189
1212
1247
1268
1183
1186
1241
1168
1174
1219
1164
1168
1193
1261
1238
1305
1338
1583
1654
1572
1644
1429
1305
1219
1199
1075
804
537
542
590
556
567
564
547
487
503
542
505
518
515
501
496
422
500
518
494
460
447
451
440
435
456
404
477
414
391
376
387
412
435
392
383
375
392
412
420
412
398
450
379
401
378
354
387
386
407
414
448
430
455
440
428
432
449
456
455
477
485
465
458
446
448
509
489
481
487
468
499
485
459
531
485
486
544
485
487
509
589
600
644
656
675
687
669
652
651
733
777
867
866
872
912
893
853
870
990
974
941
946
914
1005
994
1020
1032
1020
1031
1057
1130
944
876
812
751
735
729
793
811
833
799
811
874
838
710
656
666
709
693
667
641
627
639
602
612
595
605
543
572
588
567
543
546
545
561
515
527
514
493
519
519
519
489
486
543
588
574
618
545
512
479
496
443
441
396
364
339
293
289
217
235
184
138
95
86
80
85
96
86
97
103
84
107
73
89
99
88
89
93
89
109
79
81
93
98
105
59
90
83
76
79
92
91
78
92
85
78
118
88
86
85
85
94
104
87
92
77
88
86
92
90
90
87
96
88
82
84
88
73
79
93
98
72
97
94
83
68
92
79
81
78
78
83
85
91
72
92
91
87
86
91
99
108
90
97
100
82
90
78
84
91
82
79
74
84
80
90
91
89
78
83
85
91
95
94
96
82
92
73
70
72
78
91
81
101
87
97
87
104
92
88
82
79
88
86
87
80
77
74
94
90
76
79
71
88
87
83
89
70
94
81
79
77
91
113
94
84
100
101
92
81
95
78
95
92
99
96
81
90
100
87
105
111
96
80
108
100
90
86
113
79
94
87
88
99
100
99
100
85
83
110
84
105
87
79
114
85
106
98
99
94
96
73
101
94
87
71
109
100
83
84
101
85
82
84
69
81
99
70
96
78
96
95
73
86
83
77
70
74
82
90
76
67
88
74
69
73
67
87
77
68
74
79
73
68
73
85
60
76
71
62
68
62
76
71
56
67
81
70
69
60
55
66
57
70
47
32
60
65
74
66
76
67
58
44
72
53
46
47
64
60
59
52
49
49
55
57
42
53
41
42
47
42
46
32
35
33
41
31
31
34
34
30
27
26
24
24
7
23
19
17
18
14
13
7
5
4
2
