4
17
56
21
31
21
26
32
31
38
39
40
131
271
369
661
728
776
769
860
934
1127
1470
1734
2027
2081
2019
2204
2147
2172
2212
2300
2324
2277
2162
2130
2351
2463
2518
2505
2394
2176
2225
2216
2066
2099
2086
2007
2063
2077
2063
2051
2092
2145
2121
2189
2289
2398
2410
2485
2717
2786
2820
2782
2765
2906
3090
3129
3061
3023
3146
3528
3694
3479
3130
3156
3077
3134
3197
3263
3300
3386
3463
3448
3520
3504
3481
3453
3599
3688
3329
3365
3175
3091
3374
3180
2950
3026
2903
2601
2277
2229
2297
2206
2099
1992
1807
1686
1506
1529
1565
1555
1465
1513
1573
1457
1445
1487
1438
1410
1426
1472
1441
1531
1486
1438
1605
1550
1495
1467
1385
1410
1406
1317
1379
1322
1241
1251
1241
1225
1253
1172
1284
1195
1237
1294
1204
1216
1212
1181
1217
1176
1194
1192
1212
1182
1206
1267
1303
1267
1329
1313
1253
1311
1298
1318
1320
1301
1260
1214
1222
1123
1080
1126
1043
1050
1083
982
991
1020
1014
1041
990
1003
942
1001
953
911
871
883
896
869
810
830
853
796
855
815
834
787
813
793
769
772
821
755
808
862
791
788
774
760
743
843
750
762
774
776
763
827
767
887
800
874
842
890
907
907
920
874
838
910
882
880
881
861
902
934
859
922
935
963
902
903
873
934
947
908
981
894
933
960
975
944
941
944
974
963
988
979
931
986
967
940
951
1019
970
988
1042
1001
949
939
955
955
969
939
937
991
957
1019
1015
997
1006
1047
975
1162
1188
1213
1228
1144
1275
1210
1232
1139
1239
1191
1195
1241
1279
1236
1323
1239
1209
1210
1286
1264
1302
1308
1300
1268
1343
1303
1436
1391
1399
1667
1523
1538
1608
1646
1522
1578
1497
1472
1466
1467
1422
1438
1398
1408
1421
1393
1441
1399
1355
1410
1313
1455
1459
1377
1436
1444
1419
1443
1474
1541
1486
1643
1566
1626
1600
1692
1518
1529
1584
1471
1431
1601
1539
1559
1519
1513
1493
1476
1449
1422
1430
1458
1484
1411
1471
1427
1451
1444
1504
1442
1545
1468
1470
1457
1405
1439
1455
1437
1492
1397
1430
1466
1456
1489
1513
1554
1494
1526
1644
1670
1675
1614
1625
1676
1583
1606
1616
1644
1643
1613
1587
1604
1603
1623
1666
1560
1644
1607
1608
1626
1635
1685
1571
1723
1744
1725
1884
1832
1551
1527
1572
1537
1549
1551
1536
1507
1556
1711
1747
1636
1608
1650
1572
1534
1534
1606
1556
1575
1483
1558
1540
1557
1538
1508
1492
1429
1489
1450
1485
1439
1480
1515
1478
1506
1472
1528
1401
1443
1453
1456
1496
1551
1463
1503
1515
1476
1529
1579
1569
1483
1592
1485
1451
1525
1474
1471
1547
1349
1459
1438
1459
1452
1393
1418
1468
1301
1340
1345
1428
1391
1376
1305
1236
1326
1300
1284
1298
1286
1342
1224
1270
1274
1243
1261
1311
1251
1236
1240
1240
1264
1256
1325
1344
1220
1142
1163
1177
1168
1090
1119
1078
1047
1063
1079
1097
1079
1137
1103
1106
1171
1124
1071
1055
1075
1046
1091
1116
1120
1045
1036
1103
1015
1012
1028
947
998
1053
990
978
952
980
963
917
892
939
904
967
889
872
916
953
969
890
903
857
771
741
739
742
749
764
687
757
705
789
762
752
740
726
767
809
748
792
792
774
787
805
741
764
712
721
702
744
707
708
755
841
893
705
821
737
711
592
576
551
485
518
455
449
483
443
421
398
346
339
334
319
245
240
240
261
248
263
267
279
232
247
226
283
259
242
244
247
277
263
241
244
253
268
243
239
235
257
292
266
275
262
278
299
245
286
253
224
235
228
266
254
233
249
221
236
202
260
231
198
233
222
227
235
263
249
237
249
241
263
251
251
245
241
229
232
257
276
240
245
264
265
260
284
266
291
248
272
246
263
279
266
289
297
325
308
315
283
299
292
296
301
310
311
301
297
323
322
328
318
378
358
374
380
351
328
320
277
326
323
296
344
331
302
294
298
314
303
313
307
292
310
300
276
276
291
281
304
273
306
281
273
281
267
268
246
264
286
260
252
267
274
255
242
271
236
258
236
225
262
242
270
261
254
232
249
234
233
254
205
256
260
261
272
234
246
238
272
234
234
256
263
228
239
238
225
254
267
268
265
222
273
261
250
267
213
272
256
241
263
267
246
286
250
223
249
242
251
256
242
254
247
246
263
261
251
236
224
253
251
234
276
239
244
275
265
241
258
237
245
232
240
238
221
253
197
242
225
241
231
228
214
235
226
215
222
220
209
256
247
229
208
216
213
209
231
268
269
330
358
401
343
338
399
371
388
390
460
387
429
401
428
405
437
428
452
466
445
459
470
459
419
494
560
628
582
631
612
639
663
665
610
619
597
583
604
618
601
667
606
545
574
546
531
560
504
522
561
540
549
614
625
596
581
665
682
665
705
735
699
629
693
597
616
569
539
576
524
556
534
531
586
565
647
633
627
600
654
670
703
713
704
669
552
582
491
458
441
387
407
409
413
430
364
399
374
402
400
404
396
355
388
399
385
348
362
358
391
344
331
358
381
430
407
450
466
450
426
406
356
333
318
300
272
277
278
263
300
285
302
304
264
289
247
295
259
265
268
291
298
254
243
218
225
191
155
167
168
168
193
196
104
70
