123
175
136
136
160
160
183
185
200
182
161
185
178
179
201
168
180
184
184
216
183
165
184
159
205
167
195
170
201
183
179
189
184
185
160
159
189
177
203
184
190
168
181
197
196
209
179
217
183
209
218
205
189
190
180
228
221
221
217
205
227
218
218
226
207
222
199
194
223
230
239
246
238
219
239
220
217
250
258
242
231
226
246
255
247
246
245
282
266
266
258
253
291
264
277
258
307
257
286
282
277
292
298
295
293
293
290
274
273
318
265
286
297
327
303
330
315
318
305
327
315
274
343
331
316
331
313
356
324
337
345
337
345
350
351
369
400
379
416
454
417
422
474
440
394
471
448
449
467
502
476
489
523
477
475
474
490
483
456
494
495
568
570
538
550
567
600
576
560
558
560
623
606
646
597
595
632
580
596
644
586
611
606
686
640
652
650
663
611
644
647
654
621
645
661
662
642
671
596
695
696
646
651
652
675
736
727
696
682
711
691
721
707
746
695
744
739
749
694
724
700
698
780
709
720
687
757
718
777
703
732
703
761
741
754
793
773
785
808
790
739
749
732
753
763
756
720
796
773
745
756
771
786
808
795
761
821
832
747
808
850
783
781
815
823
813
841
881
896
877
845
886
868
847
928
947
857
928
884
901
905
919
956
916
935
912
984
908
951
963
952
973
1055
969
982
907
984
1021
930
962
1035
980
1088
1032
1035
1058
1030
1018
1012
1027
1030
1014
1059
1079
1033
1178
1158
1096
1116
1191
1147
1170
1211
1263
1345
1346
1463
1434
1649
1732
1935
1962
1934
1969
1941
1856
1741
1653
1647
1634
1489
1729
1408
1673
1226
1166
1236
1339
1268
1281
1310
1285
1281
1200
1220
1191
1097
1135
1155
1142
1164
1206
1234
1190
1184
1224
1155
1194
1241
1189
1213
1180
1148
1224
1146
1211
1192
1383
1461
1363
1288
1140
1218
1182
1180
1155
1191
1236
1175
1293
1310
1265
1342
1337
1302
1283
1304
1313
1329
1318
1331
1303
1351
1335
1384
1398
1471
1392
1365
1382
1410
1426
1539
1617
1657
1533
1544
1527
1530
1495
1497
1500
1580
1708
1640
1682
1673
1809
1711
1738
1742
1679
1831
1750
1839
1798
1981
1946
1884
1868
1971
1881
1911
1907
1974
1825
1832
1876
1905
1807
1765
1640
1617
1583
1595
1515
1567
1588
1538
1461
1544
1441
1498
1471
1499
1447
1435
1456
1390
1421
1382
1410
1437
1400
1334
1373
1328
1342
1357
1315
1305
1253
1257
1271
1249
1236
1250
1208
1135
1193
1179
1205
1174
1142
1135
1133
1175
1097
1140
1175
1093
1141
1233
1108
1135
1143
1139
1095
1059
1098
1087
1049
1072
1040
1089
1046
1085
1041
1041
1051
1050
1001
1040
1045
1040
1021
1007
1068
1052
954
1018
1032
1032
1021
1048
1077
1068
1049
1109
1162
1144
1153
1172
1130
1143
1126
1124
1130
1053
1137
1087
1102
1097
1217
1161
1111
1174
1121
1117
1157
1175
1149
1143
1165
1185
1069
1098
1197
1208
1169
1176
1177
1156
1180
1182
1190
1187
1189
1252
1310
1225
1197
1148
1092
1133
1106
1127
1118
1116
1148
1107
1099
1093
1039
1157
1076
1051
1087
1078
1102
1106
1070
1077
1023
1024
970
1117
1062
995
1029
1030
1014
1054
1076
1092
1058
1080
1178
1169
1158
1044
937
972
957
941
923
966
905
909
895
954
916
956
900
896
925
974
928
940
980
881
968
866
967
914
952
1018
940
915
911
952
961
935
981
1011
952
939
985
952
963
985
999
937
947
1020
995
940
986
1015
1059
1028
1001
998
978
1039
1013
993
1026
1016
987
1040
1099
1049
1002
1056
1065
1056
1053
1053
1062
992
1018
1059
1041
1056
1040
1001
1022
1054
1027
1096
1098
1005
1098
1106
1045
1117
1036
1123
1084
1066
1087
1060
1073
1061
1049
1124
1092
1055
1081
1145
1075
1103
1075
1138
1094
1117
1122
1136
1162
1160
1183
1132
1168
1171
1123
1153
1166
1128
1238
1204
1304
1311
1327
1294
1303
1404
1667
1590
1516
1409
1420
1479
1410
1405
1413
1481
1490
1473
1517
1515
1501
1544
1563
1574
1646
1583
1668
1578
1511
1480
1576
1518
1441
1495
1576
1483
1504
1459
1461
1496
1434
1581
1741
1556
1485
1528
1475
1393
1432
1444
1512
1563
1574
1523
1439
1461
1406
1389
1416
1404
1398
1363
1412
1445
1424
1486
1464
1417
1408
1476
1483
1457
1466
1453
1481
1469
1546
1459
1493
1396
1468
1468
1523
1468
1567
1492
1503
1509
1534
1425
1477
1422
1533
1460
1515
1561
1505
1586
1509
1500
1391
1477
1375
1384
1410
1475
1486
1551
1484
1545
1556
1614
1681
1663
1798
1918
1734
1918
2005
2227
2329
2488
2387
2022
2041
1914
1877
1798
1854
1843
1857
1972
2081
2193
2077
2003
1952
1990
1729
1896
1797
1705
1691
1669
1559
1563
1550
1641
1716
1710
1639
1568
1495
1444
1397
1363
1284
1350
1307
1354
1277
1393
1318
1280
1325
1306
1356
1347
1306
1207
1265
1249
1239
1176
1145
1228
1157
1102
1125
1189
1195
1167
1233
1174
1214
1286
1180
1222
1238
1189
1217
1166
1259
1248
1227
1114
1125
1091
1060
971
887
881
814
718
705
696
594
541
518
475
452
404
409
375
340
289
255
240
137
93
64
66
52
59
61
66
54
60
60
63
56
56
65
50
60
50
57
39
55
44
67
51
48
59
47
48
39
63
51
50
53
53
49
38
53
43
49
46
33
46
46
43
29
37
47
45
37
51
48
55
54
70
51
62
70
54
51
55
40
35
22
11
6
