453
419
348
339
302
410
442
440
447
427
390
371
410
405
376
355
357
335
360
331
323
355
331
328
334
384
358
368
374
343
343
396
369
392
383
389
352
368
405
385
375
383
372
386
374
369
337
385
349
365
385
383
349
400
402
369
381
398
388
462
419
485
474
503
525
490
547
533
500
579
531
549
562
563
565
549
562
577
555
596
568
546
564
649
615
622
608
588
601
585
633
593
635
650
644
646
679
661
643
690
653
630
713
736
740
750
741
809
790
806
799
833
793
846
807
848
841
828
889
860
897
873
867
885
882
947
975
1067
1194
1295
1363
1408
1480
1360
1505
2206
2020
2114
2100
2075
2070
1996
2021
2065
1983
1891
1711
1780
1709
1743
1682
1621
1726
1705
1672
1731
1693
1685
1747
1705
1795
1810
1715
1736
1690
1707
1660
1714
1805
1710
1745
1773
1764
1810
1742
1768
1850
1960
1984
1939
1935
2070
2123
2146
2200
2209
2303
2328
2356
2336
2375
2384
2348
2281
2372
2314
2424
2524
2620
2610
2589
2747
2634
2622
2591
2555
2412
2271
2168
2236
2202
2162
2179
2173
2186
2058
1837
1813
1832
1717
1631
1642
1621
1500
1652
1609
1572
1592
1558
1563
1574
1515
1517
1486
1870
2117
2095
1931
1720
1630
1530
1560
1526
1423
1452
1433
1413
1403
1493
1427
1370
1285
1230
1330
1251
1335
1320
1244
1283
1243
1214
1242
1277
1193
1204
1234
1154
1234
1158
1197
1193
1155
1103
1170
1183
1132
1197
1138
1133
1117
1105
1070
1116
1081
1045
1081
1062
1119
1097
1059
1082
1060
1110
1009
1085
1021
1045
1016
982
1048
1049
1057
1008
1029
991
1024
985
1039
1009
1026
961
952
1006
1000
989
940
933
989
1026
949
965
925
1026
1004
946
925
949
908
996
973
936
985
986
966
941
936
965
960
948
958
901
990
963
921
940
890
986
942
931
969
1006
911
933
945
964
869
867
838
960
939
899
877
912
877
904
873
957
915
970
917
981
914
901
944
924
891
941
891
911
916
939
957
915
895
862
889
911
905
932
955
861
971
967
976
964
897
989
915
975
923
855
854
998
900
878
946
881
867
909
963
959
865
899
935
930
910
957
950
933
953
903
875
950
959
898
931
911
926
944
924
987
957
867
942
951
915
928
979
911
977
916
928
934
938
937
956
965
935
926
849
966
957
939
907
931
944
995
962
957
909
908
907
878
1011
987
946
891
900
947
952
950
914
947
988
963
936
967
966
940
968
913
931
975
968
919
922
992
968
967
975
952
918
901
938
913
903
945
992
934
947
963
996
987
971
931
890
880
931
915
971
938
954
902
975
921
996
956
931
899
949
986
964
977
967
901
1011
944
999
979
983
1002
994
984
976
969
962
1032
967
978
1021
1059
1003
956
1000
1032
1011
1057
987
1089
1016
1000
1036
1043
1078
1014
1087
1085
1036
1073
1061
1034
1118
1097
1052
1130
1028
1072
1151
1158
1090
1202
1198
1125
1086
1151
1129
1093
1186
1175
1237
1141
1147
1125
1186
1155
1161
1185
1151
1193
1185
1269
1193
1242
1244
1249
1277
1328
1336
1427
1386
1348
1391
1374
1460
1429
1464
1599
1733
1740
1708
1648
1579
1526
1521
1605
1496
1530
1499
1408
1453
1496
1382
1433
1413
1444
1401
1387
1320
1502
1392
1406
1397
1437
1405
1411
1711
2127
1920
1813
1718
1581
1432
1381
1292
1400
1312
1255
1212
1163
1204
1260
1187
1072
1028
959
906
924
974
900
936
873
858
877
874
884
852
851
824
830
823
801
830
841
825
787
777
796
770
812
803
807
775
827
826
854
763
822
872
830
836
835
842
826
781
812
787
822
763
864
788
796
894
790
866
882
814
733
837
905
784
814
802
861
845
889
824
858
864
831
858
861
826
847
890
842
838
847
857
867
840
903
934
903
900
935
921
857
827
899
913
887
928
892
839
909
896
938
917
882
829
834
844
873
925
945
941
921
937
872
950
901
950
956
950
970
1000
974
954
1004
984
939
1032
945
987
958
1039
1040
1057
984
1054
1018
1066
1050
1169
1145
1231
1115
1122
1085
1124
1089
1169
1094
1070
1135
1107
1211
1248
1230
1157
1165
1160
1189
1148
1102
1134
1186
1204
1210
1202
1203
1231
1252
1195
1214
1247
1243
1205
1228
1202
1255
1264
1292
1307
1382
1265
1150
1131
1075
1214
1244
1328
1328
1407
1289
1149
1134
1142
962
983
1019
710
563
572
548
540
530
562
538
562
509
523
538
547
534
474
490
482
472
456
513
506
508
482
502
465
505
506
507
479
487
464
504
465
476
501
483
476
488
459
530
522
525
599
653
658
688
702
669
733
800
767
710
807
951
803
749
786
839
794
792
774
776
752
758
797
748
779
757
749
771
735
751
808
768
731
737
727
655
671
617
606
656
599
621
618
595
584
582
632
560
560
604
589
620
583
681
651
655
592
602
593
491
540
503
488
515
515
514
506
617
504
493
481
492
535
449
490
439
467
431
407
401
427
402
361
351
338
364
359
318
318
328
333
338
302
328
311
300
294
322
311
316
300
307
327
319
382
371
391
335
399
346
376
328
303
254
198
208
173
104
24
13
7
9
6
4
4
2
5
5
5
6
2
5
1
4
3
8
2
1
0
1
2
